0 0.5579947916666667 0.274013671875 0.23790364583333332 0.316064453125
0 0.35359375 0.894072265625 0.2385026041666666 0.20469726562500012
0 0.7811458333333333 0.272646484375 0.20700520833333336 0.29301757812500007
0 0.5917317708333334 0.84126953125 0.20445312500000004 0.17318359374999992
0 0.5868619791666667 0.709130859375 0.20996093750000008 0.07374999999999998
0 0.798671875 0.67681640625 0.1849869791666666 0.06338867187500008
0 0.7926692708333333 0.789365234375 0.17697916666666677 0.16364257812499994
0 0.2719010416666667 0.282119140625 0.2682291666666667 0.34477539062499996
0 0.3310416666666667 0.759228515625 0.24626302083333332 0.07500976562499995
1 0.4555859375 0.29427734375 0.030729166666666696 0.03621093750000004
1 0.33838541666666666 0.762265625 0.032825520833333344 0.0379785156250001
1 0.5929166666666666 0.71814453125 0.03203125000000003 0.03451171874999992
1 0.39796875 0.2942578125 0.030833333333333268 0.04037109375000003
1 0.45210937500000004 0.88486328125 0.028776041666666696 0.03351562499999994
1 0.8102734374999999 0.678369140625 0.03006510416666656 0.03001953125000001
1 0.5023567708333333 0.876943359375 0.02850260416666665 0.03656250000000005
1 0.7087890625000001 0.28853515625 0.03234374999999989 0.03460937499999994
1 0.7259114583333334 0.826826171875 0.032552083333333336 0.03254882812499993