0 0.9079795918367347 0.6393409090909091 0.18120408163265297 0.2507272727272728
0 0.728030612244898 0.8455454545454546 0.1451530612244898 0.3089090909090908
0 0.6673469387755102 0.5118863636363636 0.2599795918367347 0.24336363636363634
0 0.6031938775510204 0.8095909090909091 0.12143877551020407 0.38079545454545444
0 0.9015306122448979 0.8977272727272727 0.1663265306122449 0.20454545454545456
0 0.4577551020408164 0.7451818181818182 0.15087755102040812 0.500090909090909
1 0.7275102040816327 0.544340909090909 0.06798979591836746 0.08402272727272733
0 0.4529795918367347 0.38952272727272724 0.14529591836734693 0.19859090909090907
0 0.10172448979591836 0.2055227272727273 0.14620408163265303 0.1606136363636364
1 0.5935816326530613 0.4715909090909091 0.05980612244897949 0.07929545454545452
0 0.22120408163265307 0.7638863636363636 0.08745918367346937 0.46079545454545456
0 0.1259591836734694 0.5964772727272727 0.06811224489795918 0.5519772727272727
1 0.9636428571428571 0.9683863636363635 0.036224489795918365 0.06320454545454533
1 0.05774489795918368 0.1851590909090909 0.03060204081632653 0.05922727272727273
1 0.6642857142857143 0.764090909090909 0.035428571428571455 0.07143181818181807
1 0.634295918367347 0.7446363636363637 0.03187755102040817 0.06243181818181824
1 0.26953061224489794 0.6202045454545454 0.025275510204081614 0.050977272727272614
0 0.3168877551020408 0.7921136363636363 0.09983673469387758 0.4157727272727274
1 0.12964285714285714 0.22645454545454546 0.03706122448979592 0.05761363636363635
1 0.09524489795918367 0.3694772727272727 0.02193877551020408 0.05236363636363641
0 0.04567346938775511 0.5757045454545454 0.07057142857142856 0.5318409090909091
1 0.24638775510204083 0.61075 0.02052040816326532 0.05447727272727279
1 0.07846938775510205 0.35961363636363636 0.0208673469387755 0.050409090909090924
1 0.4459795918367347 0.3958409090909091 0.044642857142857144 0.06288636363636367