0 0.49704 0.68832 0.32805999999999996 0.23138666666666663
0 0.4955866666666667 0.43706666666666666 0.33141999999999994 0.2378933333333333
0 0.6020399999999999 0.23941333333333334 0.13516 0.11292666666666666
0 0.5992666666666666 0.11388 0.1377733333333334 0.11048000000000002
0 0.39740000000000003 0.11795333333333334 0.14516666666666667 0.11806000000000003
0 0.3954533333333333 0.23823333333333335 0.13713333333333336 0.10976666666666665
0 0.50014 0.8565799999999999 0.3430466666666668 0.07691333333333326
1 0.50078 0.48364666666666667 0.09923999999999994 0.045186666666666646
0 0.49903333333333333 0.11608 0.06471333333333329 0.11520666666666665
1 0.5042466666666666 0.7294533333333334 0.09476666666666672 0.0455
0 0.5044866666666666 0.24251333333333333 0.06617999999999999 0.11679333333333337
1 0.39892666666666665 0.12632 0.034473333333333356 0.019133333333333325
1 0.6075266666666667 0.12424666666666667 0.04991333333333326 0.02120666666666667
1 0.4001266666666667 0.25799333333333335 0.038153333333333345 0.022593333333333323