0 0.42092447916666664 0.26986979166666664 0.16822916666666674 0.4162630208333334
0 0.1496875 0.7590755208333334 0.192265625 0.265625
0 0.8612760416666667 0.75328125 0.18960937499999986 0.2575
0 0.5925520833333333 0.2644921875 0.17106770833333332 0.4086458333333332
0 0.6164322916666667 0.8536067708333334 0.216953125 0.13230468749999988
0 0.3925911458333333 0.8571614583333332 0.21875 0.13302083333333345
0 0.6111588541666667 0.7079036458333333 0.21630208333333342 0.12447916666666663
0 0.3879166666666667 0.7147656250000001 0.2178776041666667 0.12040364583333336
0 0.6179296875000001 0.60109375 0.20799479166666676 0.06127604166666659
0 0.39776041666666667 0.6065104166666667 0.19734374999999996 0.052812500000000075
0 0.9767838541666666 0.7674869791666666 0.04507812499999986 0.23996093749999994
1 0.39013020833333334 0.6067317708333334 0.0687239583333333 0.025989583333333382
1 0.61375 0.7134765625 0.06798177083333339 0.02725260416666675
1 0.9792838541666667 0.6647526041666666 0.027018229166666668 0.03371093750000006
0 0.02240885416666667 0.7710546875 0.04476562500000001 0.25166666666666665
1 0.388828125 0.857421875 0.06727864583333328 0.02930989583333332
1 0.06251302083333334 0.6704166666666667 0.022356770833333334 0.032799479166666735
1 0.614140625 0.856484375 0.06507812500000003 0.029322916666666643
1 0.3893359375 0.7148567708333333 0.06796875000000006 0.028567708333333403
1 0.9380729166666667 0.6637630208333333 0.024791666666666618 0.0336458333333333
1 0.6145052083333333 0.6046354166666666 0.06901041666666667 0.026328125000000036
1 0.022252604166666665 0.6730078125 0.024010416666666673 0.03406250000000003
1 0.5148828125 0.44664062499999996 0.01960937499999993 0.02726562500000007
1 0.4858072916666667 0.4488932291666667 0.022213541666666597 0.02733072916666668
1 0.5231640625 0.9873567708333333 0.05997395833333341 0.023164062499999954