0 0.3983 0.6900333333333333 0.21051666666666666 0.21278333333333327
0 0.1884 0.6886666666666666 0.21043333333333336 0.21538333333333337
0 0.6236333333333334 0.5702166666666667 0.20358333333333328 0.43998333333333334
0 0.8395166666666667 0.5706166666666667 0.20210000000000009 0.43211666666666665
0 0.6213666666666666 0.28518333333333334 0.21278333333333327 0.0913166666666667
0 0.8411833333333332 0.28595 0.20991666666666664 0.08668333333333332
1 0.7075 0.5752166666666667 0.02101666666666669 0.08271666666666666
1 0.26165 0.6937833333333333 0.022533333333333305 0.08558333333333337
1 0.8341500000000001 0.2805166666666667 0.08731666666666674 0.02671666666666662
1 0.62115 0.28001666666666664 0.08529999999999992 0.030716666666666677
1 0.3068 0.6973166666666667 0.021350000000000004 0.08459999999999998
1 0.75385 0.5750166666666666 0.017566666666666605 0.08603333333333334