0 0.74538 0.3835 0.36796 0.27372
0 0.73972 0.20244 0.37440000000000007 0.08804000000000002
1 0.32894 0.58736 0.09970000000000004 0.03829999999999995
1 0.75378 0.55796 0.08488000000000011 0.039779999999999975
1 0.75014 0.27592 0.0908599999999999 0.03589999999999998
0 0.74166 0.6633600000000001 0.3820799999999999 0.2820599999999999
1 0.74988 0.19241999999999998 0.08966000000000009 0.039560000000000005
0 0.32433999999999996 0.68468 0.43066 0.28894000000000003
1 0.36922000000000005 0.51938 0.07379999999999995 0.027660000000000025
0 0.32076 0.19691999999999998 0.42924 0.08924000000000001
1 0.32616 0.19846 0.10153999999999996 0.024620000000000003