0 0.21356047700170358 0.24003125 0.23717206132879046 0.15784374999999998
0 0.2143100511073254 0.41100000000000003 0.23468483816013627 0.15675000000000003
0 0.49783645655877345 0.41128125000000004 0.2362691652470188 0.15603125
0 0.7849914821124362 0.41234374999999995 0.23323679727427593 0.15228125
0 0.500289608177172 0.23374999999999999 0.23160136286201016 0.18140624999999996
0 0.7841567291311755 0.2416875 0.23187393526405453 0.16784375
1 0.4964054514480409 0.3715 0.10339011925042599 0.046812499999999965
1 0.7845996592844975 0.538625 0.10255536626916532 0.06465625
1 0.49577512776831345 0.5415 0.10218057921635437 0.07756249999999998
0 0.21465076660988075 0.67265625 0.23339011925042588 0.3484375
0 0.49616695059625215 0.67578125 0.23764906303236796 0.3484375
1 0.7857751277683135 0.37265625 0.09454855195911414 0.0515625
1 0.7862010221465077 0.20703125 0.09710391822827939 0.0546875
1 0.49531516183986374 0.20234375 0.1030664395229983 0.0609375
1 0.21124361158432708 0.2015625 0.09710391822827939 0.0625
1 0.21081771720613288 0.3703125 0.09965928449744463 0.05
0 0.7832197614991482 0.675 0.23253833049403747 0.35
1 0.21337308347529813 0.540625 0.09454855195911414 0.053125