0 0.2070533260032985 0.376484398216939 0.29319956019791105 0.08657057949479939
0 0.3768389224848818 0.8493610698365527 0.5474656404617922 0.1324665676077266
1 0.34096756459593186 0.7976166419019316 0.12087410665200657 0.038326894502228905
1 0.34118196811434853 0.746594353640416 0.12267179769103906 0.03596731054977704
0 0.36866959868059374 0.6856315007429421 0.566844420010995 0.05439821693907881
1 0.33867509620670694 0.6794561664190193 0.1276910390324354 0.03639524517087675
1 0.4852886201209456 0.4008053491827638 0.13700934579439253 0.02912332838038633
1 0.3363826278174821 0.6229331352154532 0.1307531610775151 0.03191084695393762
0 0.36170423309510724 0.5716433878157503 0.5620835623969213 0.06997028231797914
0 0.37620120945574487 0.5139702823179791 0.5766025288620121 0.06361367013372955
1 0.33397471137987905 0.5725230312035661 0.1316822429906542 0.024745913818722133
0 0.3724573941726223 0.6322436849925706 0.5744914788345244 0.0549777117384844
0 0.3628367234744365 0.45319465081723626 0.5882352941176471 0.05943536404160475
0 0.5057724024189115 0.39598811292719166 0.30236393622869706 0.09361069836552749
1 0.18691588785046728 0.3818722139673105 0.14843320505772403 0.03268945022288262
1 0.32985156679494226 0.46136701337295694 0.15393073117097306 0.031203566121842496
1 0.3312259483232545 0.5185735512630015 0.1456844420010995 0.03566121842496285
0 0.38207806487080814 0.7414561664190193 0.582737768004398 0.05646359583952452