0 0.5619512195121951 0.755775 0.11716463414634148 0.21159999999999995
0 0.43054878048780487 0.767275 0.13932926829268288 0.23185000000000003
0 0.6723780487804878 0.7454500000000001 0.10054878048780494 0.19847499999999996
0 0.7760365853658535 0.7348 0.0982926829268292 0.1861500000000001
0 0.7789634146341463 0.606175 0.10243902439024397 0.04052499999999995
0 0.616859756097561 0.6083 0.22658536585365852 0.04777500000000003
0 0.4173170731707317 0.322575 0.14600609756097557 0.44459999999999994
1 0.48320121951219513 0.318825 0.020518292682926886 0.039525000000000005
1 0.6250609756097562 0.338575 0.03314024390243904 0.04017499999999998
1 0.630640243902439 0.754475 0.020579268292682928 0.03180000000000007
1 0.4907012195121951 0.7663 0.021280487804878106 0.035974999999999965
0 0.5661585365853659 0.3245 0.11954268292682921 0.46710000000000007
1 0.7001219512195122 0.6079 0.02621951219512202 0.02627499999999998
0 0.6760365853658536 0.355675 0.096280487804878 0.4175
0 0.7686280487804878 0.37127499999999997 0.0873780487804878 0.3658250000000001
1 0.7386280487804878 0.7403749999999999 0.020945121951219527 0.030649999999999976
1 0.5500304878048781 0.611325 0.03082317073170736 0.030150000000000007
0 0.42874999999999996 0.6125 0.1486280487804878 0.046875
1 0.7869817073170732 0.607825 0.03048780487804878 0.025
1 0.4325609756097561 0.607825 0.03429878048780488 0.028125
1 0.7460060975609756 0.353125 0.028597560975609743 0.028125