0 0.21992647058823533 0.6909498680738786 0.3351470588235294 0.21606860158311342
0 0.22393382352941174 0.15137203166226912 0.33158088235294114 0.21047493403693932
0 0.22466911764705882 0.4659894459102903 0.33790441176470587 0.21058047493403695
1 0.416875 0.47055408970976254 0.03761029411764702 0.09134564643799474
1 0.41709558823529413 0.14361477572559367 0.03786764705882357 0.09443271767810028
1 0.41650735294117647 0.7016094986807389 0.03334558823529409 0.08949868073878625
1 0.3613235294117647 0.14944591029023746 0.035845588235294115 0.0863588390501319
1 0.3680147058823529 0.6964643799472295 0.03849264705882353 0.08535620052770454
0 0.5929044117647059 0.7151187335092347 0.3842279411764706 0.23773087071240112
1 0.3679411764705882 0.46715039577836415 0.040294117647058855 0.08986807387862797
0 0.8766176470588235 0.4342744063324539 0.165220588235294 0.850263852242744
0 0.6 0.14778364116094989 0.3913970588235293 0.20588390501319262
0 0.5839338235294118 0.30667546174142485 0.38158088235294124 0.10902374670184699
0 0.5962867647058824 0.4743007915567282 0.38147058823529406 0.2186279683377309