0 0.5761999999999999 0.7919886363636364 0.16131250000000008 0.21197727272727268
0 0.577875 0.3091931818181818 0.16633750000000005 0.2214318181818182
0 0.40057499999999996 0.7913522727272727 0.16533749999999997 0.21065909090909077
0 0.5772875 0.5503636363636364 0.16146249999999995 0.21561363636363645
0 0.4076875 0.5519659090909091 0.1620375 0.2144204545454546
0 0.39866250000000003 0.3095454545454545 0.17174999999999996 0.21790909090909089
1 0.5199 0.3074318181818182 0.02302499999999995 0.06594318181818179
1 0.51895 0.7935568181818182 0.022237499999999955 0.06514772727272719
1 0.46112499999999995 0.7925454545454546 0.026574999999999988 0.06935227272727269
1 0.51925 0.5529545454545455 0.023662499999999937 0.06270454545454546
1 0.4622625 0.5526477272727273 0.027212499999999976 0.06553409090909086
1 0.4609625 0.3069772727272727 0.024912499999999938 0.0678409090909091