0 0.3089250814332248 0.38440392706872367 0.41511400651465796 0.1878401122019635
0 0.7450488599348534 0.8161290322580644 0.41179153094462545 0.19401122019635333
1 0.509771986970684 0.6025946704067321 0.033550488599348574 0.06004207573632531
0 0.30706840390879475 0.16744740532959324 0.4138110749185667 0.1879382889200561
0 0.3113029315960912 0.8202664796633942 0.4144299674267102 0.18890603085554006
0 0.7274592833876221 0.1628471248246844 0.42706840390879475 0.1885553997194951
0 0.7347231270358306 0.38335203366058906 0.4198371335504886 0.19635343618513323
0 0.7383387622149837 0.5976297335203367 0.4270684039087949 0.1854417952314166
0 0.31306188925081435 0.5991865357643759 0.4306840390879479 0.20102384291725112
1 0.5410749185667753 0.5999719495091164 0.03980456026058641 0.05298737727910235
1 0.5392833876221499 0.38023842917251055 0.03618892508143327 0.05921458625525951
1 0.5067100977198697 0.3794670406732118 0.02895765472312699 0.06389901823281911
1 0.504885993485342 0.16050490883590462 0.03257328990228013 0.05921458625525949
1 0.533843648208469 0.16129032258064516 0.03257328990228013 0.057657784011220216
1 0.5446905537459283 0.812678821879383 0.03980456026058641 0.063899018232819
1 0.5103257328990227 0.8119074333800841 0.043420195439739365 0.05921458625525951