0 0.5948933333333334 0.23992000000000002 0.1679666666666667 0.19280444444444442
0 0.43521333333333334 0.24770666666666669 0.16298666666666667 0.19249333333333332
0 0.37471333333333334 0.7604444444444445 0.1689266666666667 0.23266666666666666
0 0.7747866666666667 0.23605333333333334 0.17114666666666653 0.1986488888888889
0 0.5548533333333333 0.7617111111111111 0.17444666666666672 0.23262222222222226
0 0.2615266666666667 0.24933777777777777 0.15337333333333336 0.18664000000000003
0 0.19438 0.7222355555555555 0.17236000000000004 0.2846444444444446
0 0.74834 0.7335644444444445 0.19488000000000003 0.30071999999999993
1 0.4460466666666667 0.6747866666666666 0.030246666666666595 0.03832444444444445
1 0.5277733333333333 0.2534133333333333 0.020266666666666728 0.030937777777777734
0 0.4699066666666667 0.6100222222222222 0.3478733333333333 0.057822222222222185
1 0.49821333333333334 0.25334666666666666 0.025039999999999965 0.02921333333333334
1 0.3256466666666667 0.2543911111111111 0.021366666666666638 0.028911111111111092
1 0.26328666666666667 0.7357866666666667 0.0300466666666667 0.03912444444444453
1 0.47859999999999997 0.6748533333333334 0.022993333333333338 0.036528888888888916
1 0.6666133333333333 0.7442355555555555 0.021339999999999994 0.033071111111111044
1 0.46546000000000004 0.6203955555555556 0.03842000000000007 0.027760000000000017
1 0.7077800000000001 0.24444444444444444 0.03333333333333333 0.03259111111111108