0 0.7416297786720322 0.1989855072463768 0.24774647887323942 0.2269979296066253
0 0.7330181086519115 0.7775569358178054 0.25110663983903414 0.27256728778467904
1 0.4283702213279678 0.652463768115942 0.1442655935613682 0.04236024844720505
1 0.7400402414486922 0.6650517598343686 0.15233400402414493 0.036894409937888305
1 0.7466599597585513 0.29625258799171844 0.1540845070422536 0.040020703933747376
1 0.10756539235412475 0.6368322981366459 0.09929577464788734 0.03861283643892335
0 0.43762575452716296 0.7712215320910973 0.3434808853118713 0.2765424430641821
0 0.11784708249496982 0.7581987577639752 0.15233400402414485 0.26472049689440996
0 0.12935613682092556 0.18855072463768113 0.13796780684104626 0.23217391304347823
0 0.44983903420523136 0.1915113871635611 0.3420523138832998 0.23217391304347823
1 0.44553319919517104 0.292815734989648 0.1465995975855131 0.029585921325051803
1 0.12647887323943663 0.290600414078675 0.10635814889336015 0.02513457556935815