0 0.2780327868852459 0.8224593495934959 0.4084426229508197 0.24752032520325198
0 0.28348360655737703 0.6514227642276422 0.40352459016393444 0.08349593495934968
1 0.45561475409836066 0.7176016260162602 0.044918032786885276 0.03865853658536582
1 0.2815983606557377 0.6497560975609756 0.06098360655737703 0.046341463414634056
1 0.5337704918032787 0.7170731707317073 0.047008196721311526 0.042581300813008226
0 0.7056967213114754 0.8133130081300812 0.41356557377049175 0.2542479674796749
0 0.7091803278688524 0.6529878048780487 0.40459016393442615 0.07869918699186998
1 0.7085245901639344 0.648719512195122 0.05073770491803277 0.03886178861788619
0 0.7061885245901639 0.20012195121951218 0.4098360655737705 0.33146341463414636
0 0.2884426229508196 0.19855691056910568 0.42561475409836064 0.3377032520325203
1 0.45397540983606555 0.3463008130081301 0.05676229508196719 0.026585365853658505
1 0.5438114754098361 0.34552845528455284 0.053606557377049176 0.025020325203252036