0 0.7605375 0.4591625 0.38566249999999996 0.12659999999999996
0 0.7628625 0.33270000000000005 0.389375 0.11497500000000002
0 0.4580375 0.5655875 0.20972499999999997 0.5182749999999999
1 0.3505125 0.565025 0.015787499999999996 0.10103750000000006
0 0.7603375 0.5958375 0.3866374999999999 0.12198750000000004
1 0.7742625 0.39112499999999994 0.0721875 0.030575000000000047
1 0.35585 0.5657375 0.014099999999999967 0.10391249999999999
0 0.23052499999999998 0.57715 0.23353749999999998 0.5405625000000001
1 0.775275 0.5161125 0.06817499999999996 0.023474999999999965
0 0.7617625 0.6525875000000001 0.3892750000000001 0.2597875
1 0.7695375 0.63985 0.0828125 0.0328125
1 0.775 0.76875 0.078125 0.025