0 0.4194722222222222 0.3161944444444444 0.24197222222222226 0.10694444444444441
0 0.4205 0.4236666666666667 0.24555555555555553 0.10783333333333331
0 0.5869722222222222 0.5646944444444444 0.23908333333333331 0.10641666666666667
0 0.24913888888888888 0.7463611111111111 0.2828333333333333 0.1
0 0.2453888888888889 0.6396666666666667 0.2839722222222223 0.09844444444444443
0 0.4206111111111111 0.2005 0.24661111111111114 0.10422222222222224
0 0.5881388888888889 0.7876944444444445 0.2424166666666666 0.10263888888888902
0 0.5863888888888888 0.6746944444444444 0.2383611111111111 0.11066666666666676
0 0.24363888888888882 0.5379444444444444 0.28577777777777774 0.1065555555555556
1 0.24483333333333335 0.7194444444444444 0.0404722222222222 0.04274999999999996
1 0.4180277777777778 0.1693611111111111 0.031194444444444493 0.03975000000000001
1 0.2455 0.6145555555555556 0.04361111111111108 0.04336111111111115
1 0.24158333333333332 0.5058888888888889 0.04025000000000002 0.03716666666666665
1 0.5910277777777778 0.6505833333333334 0.026611111111111068 0.04477777777777779
1 0.41908333333333336 0.28250000000000003 0.037416666666666744 0.03991666666666668
1 0.4174722222222222 0.3896944444444444 0.032972222222222236 0.04413888888888885
1 0.5905 0.5397777777777778 0.03355555555555551 0.04455555555555561
1 0.5879722222222222 0.75925 0.04322222222222223 0.04322222222222207