0 0.20704782847718528 0.376484398216939 0.29319956019791105 0.08657355126300154
0 0.3782188015393073 0.8419286775631502 0.5502144035184168 0.1473254086181278
1 0.34096756459593186 0.7946419019316493 0.12087410665200657 0.0442763744427934
1 0.34118196811434853 0.746594353640416 0.12266630016492575 0.032995542347696805
0 0.36042330951072016 0.6618603268945021 0.5503463441451347 0.10194650817236262
0 0.36887300714678395 0.7383239227340268 0.5508301264431006 0.07199108469539375
1 0.33867509620670694 0.6794591381872215 0.12768554150632214 0.03639524517087675
1 0.4852886201209456 0.4008053491827638 0.1370038482682793 0.029117384843982175
1 0.18730621220450797 0.3863358098068351 0.13304013194062672 0.026416047548291195
1 0.3363826278174821 0.6229331352154532 0.1307531610775151 0.03191084695393762
0 0.5150577240241891 0.4007815750371471 0.3206597031335899 0.0939583952451709
0 0.36170423309510724 0.5716433878157503 0.5620835623969213 0.06997028231797914
0 0.3762067069818582 0.5139702823179791 0.576602528862012 0.0636166419019317
1 0.3339692138537658 0.572520059435364 0.1316822429906542 0.024742942050520123
0 0.3683342495876855 0.4539375928677563 0.5937328202308961 0.06092124814264487
1 0.3257284222100055 0.46136701337295694 0.15118196811434853 0.03417533432392273