0 0.4766166666666667 0.4688444444444444 0.09027499999999994 0.5703777777777778
0 0.588075 0.46298333333333336 0.0817083333333333 0.53195
1 0.43981666666666663 0.47372222222222227 0.013933333333333357 0.04044444444444442
0 0.3667166666666667 0.47749444444444444 0.1220416666666666 0.6224111111111109
1 0.43240833333333334 0.47236666666666666 0.014391666666666652 0.037716666666666725
0 0.6640666666666667 0.4619833333333334 0.07206666666666668 0.4997222222222223
1 0.6333333333333333 0.46458333333333335 0.029166666666666667 0.034722222222222224
1 0.7770833333333333 0.4638888888888889 0.016666666666666666 0.030555555555555555
1 0.89375 0.45555555555555555 0.020833333333333332 0.03611111111111111
0 0.7364583333333333 0.4638888888888889 0.06875 0.4527777777777778
0 0.7979166666666667 0.46041666666666664 0.0625 0.4125
0 0.8604166666666667 0.4534722222222222 0.06666666666666667 0.3958333333333333
0 0.9125 0.4597222222222222 0.0625 0.37222222222222223