0 0.5472052401746725 0.7298689956331877 0.12875545851528392 0.2454803493449783
0 0.6843668122270742 0.7352183406113537 0.13842794759825322 0.2511135371179039
0 0.5474890829694323 0.22157205240174674 0.11886462882096076 0.20628820960698688
0 0.26707423580786027 0.712882096069869 0.12484716157205242 0.2327074235807861
0 0.35941048034934503 0.15648471615720524 0.2524235807860262 0.10668122270742357
1 0.40661572052401745 0.6173144104803494 0.06078602620087331 0.028799126637554705
1 0.6806331877729258 0.6238646288209607 0.06393013100436676 0.02796943231441036
1 0.3459825327510917 0.1939519650655022 0.07183406113537114 0.03377729257641921
1 0.5399126637554585 0.6220087336244542 0.06253275109170309 0.02945414847161574
1 0.26836244541484716 0.6177510917030568 0.061484716157205264 0.029039301310043567
1 0.5500436681222707 0.3159170305676856 0.06353711790393012 0.030589519650655
1 0.6946069868995634 0.3214410480349345 0.06866812227074245 0.03286026200873365
0 0.4090393013100437 0.7201965065502184 0.13100436681222707 0.24386462882096083
0 0.6875982532751092 0.22183406113537116 0.1415720524017468 0.21606986899563313