0 0.44703448275862073 0.2434583333333333 0.1977701149425288 0.29281250000000003
0 0.6486436781609196 0.24662499999999998 0.21303448275862066 0.3029374999999999
0 0.4470804597701149 0.7720208333333333 0.19216091954022982 0.2129583333333334
1 0.5577471264367816 0.251375 0.03418390804597702 0.1096041666666667
1 0.5231724137931035 0.25233333333333335 0.034804597701149395 0.11022916666666663
1 0.5233103448275862 0.7795000000000001 0.03848275862068968 0.09787500000000003
1 0.5226666666666667 0.5329583333333333 0.0330344827586207 0.10025
1 0.5572643678160919 0.7784791666666667 0.03533333333333334 0.09543750000000012
1 0.5582988505747126 0.5302500000000001 0.031379310344827535 0.09718750000000001
0 0.652896551724138 0.7879583333333334 0.20395402298850582 0.2222291666666666
0 0.4408965517241379 0.5290208333333334 0.19211494252873562 0.22470833333333337
0 0.6461379310344827 0.5386875 0.2151034482758621 0.22916666666666666