0 0.6605684210526316 0.4817473684210527 0.21151578947368427 0.2642105263157895
0 0.25593684210526313 0.5502526315789473 0.14903157894736846 0.4661052631578947
0 0.6570947368421053 0.7997052631578948 0.20844210526315787 0.24303157894736854
0 0.6684631578947368 0.24764210526315789 0.21978947368421048 0.15810526315789475
0 0.4316 0.5921894736842106 0.18505263157894733 0.5125473684210528
0 0.10008421052631579 0.2022736842105263 0.11905263157894737 0.11595789473684213
0 0.10263157894736842 0.3834947368421053 0.11829473684210526 0.1999368421052631
1 0.10170526315789474 0.6269263157894738 0.07385263157894735 0.04562105263157886
1 0.30461052631578944 0.41338947368421053 0.03656842105263159 0.11821052631578943
0 0.35726315789473684 0.23431578947368423 0.34 0.1310526315789474
1 0.34446315789473686 0.4138526315789474 0.036147368421052664 0.11814736842105264
1 0.6556842105263158 0.5036842105263157 0.11292631578947365 0.046926315789473726
1 0.6595578947368421 0.24574736842105263 0.11305263157894746 0.04410526315789471
1 0.6511368421052632 0.8097684210526316 0.12330526315789485 0.07067368421052642
1 0.0924842105263158 0.2007578947368421 0.08271578947368423 0.04061052631578946
1 0.09698947368421053 0.3849684210526316 0.07970526315789474 0.04511578947368423
0 0.11052631578947368 0.6233052631578947 0.1218105263157895 0.23307368421052632