0 0.45249999999999996 0.8429722921914359 0.7104513888888889 0.11448362720403034
0 0.45256944444444447 0.7274055415617128 0.7144444444444444 0.10534005037783388
1 0.44545138888888886 0.6010831234256927 0.17121527777777779 0.05896725440806052
1 0.4576736111111111 0.8113853904282116 0.15381944444444448 0.05166246851385388
0 0.4407986111111112 0.310352644836272 0.7272569444444444 0.10523929471032746
0 0.4434375 0.20977329974811085 0.7334375 0.106272040302267
0 0.44548611111111114 0.5447858942065491 0.7047222222222224 0.0739546599496222
1 0.44045138888888885 0.1778337531486146 0.15600694444444446 0.048211586901763206
0 0.4388541666666667 0.44584382871536526 0.7103125 0.12035264483627198
1 0.44593750000000004 0.2852896725440806 0.16125 0.043979848866498764
1 0.39784722222222224 0.4251385390428212 0.14343750000000005 0.04581863979848866
0 0.4524652777777778 0.6297229219143576 0.7139930555555556 0.09445843828715365
0 0.4459722222222222 0.7407052896725441 0.7226736111111111 0.09919395465994961
1 0.4557291666666667 0.7045088161209068 0.1779513888888889 0.04251889168765742