0 0.4955626326963906 0.6161196911196911 0.1820594479830148 0.11465250965250963
0 0.8836730360934182 0.15687258687258687 0.17418259023354557 0.12127413127413127
0 0.687855626326964 0.45291505791505793 0.1770063694267516 0.11793436293436299
0 0.29738853503184715 0.535926640926641 0.19322717622080676 0.12237451737451735
0 0.8830997876857749 0.4117567567567567 0.17732484076433117 0.1162548262548262
0 0.6896178343949044 0.5658108108108107 0.18021231422505307 0.11333976833976842
0 0.6873885350318472 0.32781853281853285 0.1795541401273884 0.12305019305019307
0 0.29252653927813166 0.4048069498069498 0.19142250530785565 0.12528957528957524
0 0.8782377919320594 0.5335328185328185 0.17259023354564748 0.11345559845559842
0 0.4900849256900212 0.23277992277992277 0.18866242038216557 0.11862934362934366
0 0.6949044585987262 0.19415057915057915 0.19140127388535028 0.13090733590733591
0 0.49522292993630573 0.4898262548262548 0.1852866242038216 0.12289575289575294
0 0.49220806794055205 0.36036679536679533 0.18861995753715494 0.12276061776061771
0 0.3037367303609342 0.6592664092664092 0.1910828025477707 0.11741312741312751
0 0.8804033970276008 0.2816409266409266 0.17486199575371553 0.11789575289575288
0 0.49749469214437364 0.7356370656370657 0.18180467091295116 0.11480694980694986
0 0.8759872611464967 0.6464092664092663 0.1787261146496814 0.10841698841698835
0 0.28418259023354564 0.27111969111969114 0.19569002123142254 0.1336679536679537
0 0.49751592356687896 0.8557722007722008 0.17405520169851377 0.11187258687258696
0 0.6880042462845011 0.683088803088803 0.17350318471337586 0.1150579150579151
0 0.3036093418259023 0.7858108108108108 0.18439490445859874 0.11391891891891891
0 0.8689171974522293 0.7644980694980695 0.16781316348195321 0.10638996138996142
0 0.6845859872611465 0.8072200772200772 0.16898089171974529 0.11320463320463318
0 0.309171974522293 0.9053667953667954 0.18065817409766458 0.11183397683397674
1 0.7062845010615711 0.33355212355212355 0.055987261146496825 0.05729729729729731
1 0.7049469214437367 0.45577220077220076 0.052866242038216514 0.058687258687258645
1 0.5050530785562632 0.24538610038610037 0.056008492569002116 0.06223938223938223
1 0.5107006369426751 0.7480888030888031 0.051719745222929964 0.05584942084942075
1 0.8886199575371551 0.5375289575289576 0.04878980891719749 0.05202702702702711
1 0.7051380042462845 0.7009266409266409 0.05138004246284511 0.04945945945945947
1 0.2945222929936306 0.286023166023166 0.053099787685774925 0.062471042471042494
1 0.7027388535031848 0.5832818532818532 0.0521019108280254 0.056583011583011475
1 0.3213163481953291 0.9143050193050193 0.0484713375796178 0.0525482625482626
1 0.3059447983014862 0.6713513513513514 0.056921443736730366 0.06227799227799226
1 0.7026326963906582 0.8155019305019305 0.04496815286624193 0.0444401544401544
1 0.8941613588110403 0.29003861003861003 0.05649681528662423 0.05712355212355207
1 0.5084288747346072 0.5005212355212355 0.05295116772823779 0.0566602316602317
1 0.5086836518046709 0.6234749034749034 0.05575371549893841 0.05934362934362936
1 0.5050318471337579 0.3755019305019305 0.05571125265392783 0.059942084942084965
1 0.3164968152866242 0.7951351351351351 0.05023354564755844 0.05830115830115839
1 0.5137154989384289 0.8646911196911198 0.046348195329087016 0.048976833976833986
1 0.8908704883227176 0.4186100386100386 0.052080679405520115 0.057818532818532796
1 0.30256900212314225 0.546930501930502 0.05269639065817408 0.06281853281853275
1 0.8814225053078556 0.7694594594594595 0.04649681528662416 0.04426640926640917
1 0.2989596602972399 0.41733590733590736 0.053566878980891755 0.06324324324324322
1 0.8860509554140127 0.6566988416988417 0.0453715498938429 0.047490347490347536
1 0.7067303609341826 0.20486486486486488 0.05683651804670909 0.053938223938223936
1 0.8990445859872611 0.16498069498069498 0.051104033970276116 0.05525096525096526