0 0.7956222222222221 0.54488 0.1786444444444444 0.13564000000000004
0 0.7909333333333334 0.68674 0.18688888888888894 0.13405999999999996
0 0.7945111111111111 0.39666 0.17235555555555543 0.13369999999999993
0 0.5538 0.55464 0.19053333333333328 0.13405999999999996
0 0.5556222222222222 0.69886 0.19742222222222217 0.13712000000000013
0 0.3110888888888889 0.71548 0.2107111111111111 0.13977999999999996
1 0.5599333333333333 0.7024 0.07206666666666668 0.04738000000000011
1 0.7991555555555556 0.6923400000000001 0.06766666666666676 0.045200000000000046
1 0.7990222222222222 0.40312 0.071511111111111 0.04329999999999996
1 0.5590888888888889 0.55492 0.0693333333333333 0.04490000000000009
1 0.8003111111111111 0.5452 0.06931111111111123 0.0513599999999999
1 0.3111111111111111 0.71308 0.07862222222222222 0.04770000000000005