0 0.6056571428571428 0.2155111111111111 0.5729142857142858 0.1626222222222222
0 0.6108714285714286 0.05637777777777778 0.5878000000000001 0.11224444444444444
1 0.6633714285714286 0.19648888888888888 0.12974285714285705 0.06393333333333336
1 0.6594571428571429 0.5488666666666667 0.11911428571428571 0.11337777777777774
1 0.6537714285714286 0.6821555555555556 0.11817142857142861 0.10488888888888899
1 0.6495428571428572 0.8024222222222221 0.10982857142857143 0.10524444444444447
1 0.6599 0.4110888888888889 0.12977142857142862 0.10468888888888891
0 0.6031857142857143 0.3937555555555555 0.5442285714285715 0.14124444444444445
1 0.6440285714285714 0.9498000000000001 0.11057142857142854 0.09724444444444443
0 0.5992 0.5415333333333333 0.5292142857142856 0.14582222222222224
0 0.5972142857142857 0.8277555555555556 0.4943857142857144 0.1386666666666666
0 0.5938142857142857 0.6913555555555556 0.5072285714285715 0.14664444444444447
0 0.6601142857142857 0.9530000000000001 0.3574285714285713 0.0939999999999999
1 0.6697857142857143 0.030244444444444442 0.1391571428571429 0.060022222222222234
0 0.9757142857142858 0.19111111111111112 0.04857142857142857 0.3511111111111111