0 0.5959375 0.7432863849765258 0.18953124999999993 0.09542253521126755
0 0.596640625 0.6455868544600939 0.19093750000000007 0.09183098591549296
0 0.59640625 0.8402347417840376 0.18793749999999995 0.09284037558685436
0 0.41375 0.7423708920187794 0.18823437500000004 0.0944366197183099
0 0.413375 0.6443661971830986 0.189515625 0.09204225352112679
0 0.413109375 0.840093896713615 0.189671875 0.09251173708920181
1 0.407546875 0.6499765258215963 0.02646875000000004 0.03281690140845075
1 0.40657812499999996 0.7446948356807512 0.027109375000000036 0.03234741784037552
1 0.602265625 0.6499999999999999 0.028671875000000034 0.03220657276995312
1 0.408765625 0.8457042253521126 0.027312500000000028 0.03025821596244128
1 0.6022968750000001 0.8443661971830986 0.028187499999999942 0.03211267605633791
1 0.6031875 0.7456572769953052 0.028968749999999942 0.03070422535211277