0 0.2936178861788618 0.4031325301204819 0.2866056910569105 0.21160642570281124
0 0.29313008130081303 0.6131325301204819 0.28774390243902437 0.21560240963855423
0 0.29290650406504065 0.8196184738955824 0.28626016260162607 0.21259036144578314
0 0.8585162601626016 0.5200401606425703 0.27410569105691057 0.20797188755020074
0 0.8597154471544716 0.7179518072289157 0.2763414634146342 0.20401606425702815
0 0.5818089430894309 0.5619076305220884 0.28136178861788624 0.20614457831325295
0 0.578719512195122 0.7627510040160643 0.27894308943089435 0.20971887550200813
0 0.29471544715447157 0.1928313253012048 0.2871544715447154 0.2082329317269076
1 0.5865040650406504 0.4943574297188755 0.09707317073170729 0.03714859437751004
1 0.3041869918699187 0.32638554216867466 0.09697154471544714 0.03646586345381531
1 0.3040040650406504 0.7415261044176706 0.09668699186991868 0.03813253012048195
1 0.5857723577235772 0.6989357429718875 0.09997967479674785 0.03995983935742967
1 0.30376016260162597 0.11740963855421686 0.09790650406504069 0.035261044176706835
1 0.3053861788617886 0.5357028112449799 0.09766260162601628 0.038473895582329255
1 0.8575813008130081 0.6551204819277109 0.09831300813008131 0.03821285140562244
1 0.8567886178861789 0.4499598393574297 0.09723577235772364 0.038995983935743
1 0.5853658536585366 0.2908835341365462 0.0980487804878049 0.03257028112449804
0 0.5762601626016259 0.3475301204819277 0.2717886178861789 0.1993574297188755