0 0.4052340425531915 0.7962054794520548 0.13268085106382982 0.21764383561643844
0 0.534031914893617 0.7693013698630138 0.11442553191489356 0.20930136986301365
0 0.6360531914893617 0.7414931506849315 0.10202127659574478 0.19663013698630133
1 0.576404255319149 0.7105616438356165 0.021595744680851015 0.06589041095890406
1 0.4606063829787234 0.7380410958904109 0.0223085106382979 0.06968493150684917
1 0.6025106382978723 0.7042876712328767 0.020319148936170116 0.06612328767123285
1 0.5758723404255319 0.18412328767123287 0.02175531914893622 0.07283561643835619
1 0.555808510638298 0.18364383561643835 0.024021276595744663 0.07298630136986299
0 0.6164893617021276 0.18480821917808218 0.10605319148936176 0.17173972602739726
0 0.5090851063829788 0.18205479452054796 0.12001063829787241 0.1812328767123288
0 0.40603191489361706 0.6506849315068494 0.13357446808510645 0.0593561643835617
0 0.5319148936170213 0.6263287671232877 0.11347872340425534 0.05327397260273971
0 0.6418404255319149 0.6035068493150685 0.09928723404255312 0.056315068493150704
1 0.41667021276595745 0.6423150684931507 0.07682978723404259 0.03347945205479459
1 0.5366382978723404 0.6240547945205479 0.07564893617021277 0.03347945205479459
1 0.6442127659574467 0.605027397260274 0.0732872340425533 0.022835616438356108
1 0.43557446808510636 0.3363835616438356 0.013000000000000029 0.07610958904109594
0 0.38238297872340427 0.3302876712328767 0.1264787234042553 0.5144657534246575