0 0.5107588075880759 0.3893536121673004 0.29384823848238484 0.1893726235741445
0 0.5122764227642277 0.5907984790874524 0.2980216802168021 0.19009505703422055
0 0.8519783197831978 0.62393536121673 0.29604336043360435 0.20979087452471487
0 0.5091056910569106 0.7820912547528517 0.30463414634146335 0.19482889733840308
0 0.5144444444444445 0.18775665399239544 0.2994308943089431 0.18783269961977184
0 0.8497831978319783 0.8332699619771863 0.3004336043360434 0.2126996197718631
0 0.19593495934959348 0.3694296577946768 0.2755013550135501 0.1852091254752852
0 0.19785907859078591 0.7488973384030418 0.29284552845528455 0.18211026615969575
0 0.19479674796747967 0.5692775665399239 0.2794579945799458 0.1834410646387833
0 0.19932249322493223 0.18273764258555134 0.2672628726287263 0.1838212927756654
0 0.017750677506775066 0.8258745247148289 0.03550135501355013 0.08895437262357407
1 0.19195121951219513 0.1782319391634981 0.06775067750677506 0.026939163498098835
1 0.5149051490514905 0.18140684410646388 0.08130081300813008 0.026939163498098835
1 0.508130081300813 0.38180608365019014 0.08130081300813008 0.031692015209125506
1 0.18856368563685635 0.36914448669201516 0.07905149051490513 0.028517110266159697
1 0.18406504065040652 0.5608365019011406 0.07905149051490513 0.028517110266159697
1 0.5036043360433604 0.5853992395437263 0.0858265582655827 0.036444866920152016
1 0.8615718157181572 0.6107414448669202 0.08807588075880758 0.03326996197718631
1 0.18406504065040652 0.7517490494296578 0.07000000000000002 0.026939163498098783
1 0.5013550135501355 0.7865969581749049 0.07677506775067747 0.03009505703422061
1 0.8615718157181572 0.8238212927756654 0.08807588075880758 0.031692015209125395