0 0.7605625 0.4591625 0.38568749999999996 0.12659999999999996
0 0.7629125000000001 0.3327375 0.38941249999999994 0.11497500000000002
0 0.45805 0.5656125 0.20972499999999997 0.5183125000000001
1 0.344375 0.566275 0.009537499999999994 0.10103750000000006
0 0.7603624999999999 0.5958625 0.3866624999999999 0.12201250000000002
1 0.7742625 0.39112499999999994 0.07219999999999999 0.030587500000000035
0 0.2230125 0.579275 0.25604999999999994 0.54055
1 0.775275 0.5161125 0.06817499999999996 0.023487499999999953
1 0.7789125 0.7671875 0.0765625 0.025
1 0.77735 0.6484375 0.0734375 0.028125
1 0.35771250000000004 0.56625 0.01375 0.1025
0 0.771875 0.721875 0.396875 0.128125