0 0.3587864077669903 0.6336417322834645 0.45093851132686086 0.19318897637795274
1 0.7489644012944984 0.6785826771653544 0.11527508090614888 0.046712598425196886
0 0.2331877022653722 0.3259645669291339 0.3843689320388349 0.17696850393700791
0 0.7412135922330096 0.36368110236220474 0.4188187702265373 0.1819488188976378
0 0.742168284789644 0.5440551181102362 0.41046925566343034 0.17795275590551177
1 0.746116504854369 0.4978740157480315 0.11250809061488669 0.04466535433070866
1 0.34364077669902915 0.5837204724409448 0.1146278317152104 0.04454724409448818
1 0.7495145631067961 0.3087204724409449 0.11177993527508097 0.03830708661417319
1 0.3420064724919094 0.7817913385826771 0.11804207119741099 0.04832677165354322
0 0.23297734627831715 0.15082677165354333 0.3855825242718447 0.17982283464566928
0 0.3548705501618123 0.8242716535433071 0.4497734627831714 0.19724409448818905
0 0.23088996763754044 0.5072637795275591 0.39208737864077675 0.1817125984251969
1 0.22715210355987053 0.2801377952755906 0.1008252427184466 0.03633858267716531
0 0.7486893203883496 0.7306102362204724 0.41697411003236234 0.18927165354330705
1 0.22715210355987053 0.09690944881889763 0.11326860841423948 0.03633858267716534
1 0.2259223300970874 0.46411417322834647 0.10331715210355988 0.043917322834645674