0 0.13518610421836225 0.127279792746114 0.2209925558312655 0.20165803108808292
0 0.3797766749379653 0.34847150259067355 0.2415632754342432 0.21069948186528492
0 0.13399503722084366 0.33209844559585494 0.21930521091811414 0.20619170984455962
0 0.38689826302729524 0.5602331606217616 0.2398511166253102 0.20650259067357515
0 0.6598263027295286 0.8271761658031088 0.270347394540943 0.2304663212435234
0 0.13538461538461538 0.5361139896373057 0.221712158808933 0.20220207253886013
0 0.6576674937965261 0.6014507772020725 0.2654590570719603 0.2210362694300518
0 0.13506203473945408 0.734559585492228 0.22109181141439205 0.20106217616580313
0 0.3877667493796526 0.7751036269430052 0.24076923076923082 0.21347150259067352
1 0.6566749379652606 0.5581347150259067 0.10215880893300246 0.048937823834196856
1 0.6578411910669976 0.7844041450777202 0.09692307692307686 0.04800518134715019
1 0.3813151364764268 0.3168393782383419 0.09044665012406945 0.04126943005181345
1 0.3796774193548387 0.5295595854922279 0.0927791563275434 0.044740932642487
1 0.3798014888337469 0.7444559585492229 0.08806451612903228 0.04556994818652858
1 0.12930521091811414 0.29696891191709845 0.08039702233250622 0.042305699481865244
1 0.13248138957816377 0.0977461139896373 0.08352357320099255 0.04010362694300519
1 0.13397022332506206 0.5018911917098445 0.08203473945409431 0.04113989637305698
1 0.13516129032258065 0.7086528497409327 0.07732009925558311 0.042020725388601105