0 0.14550824175824176 0.2886808510638298 0.15076923076923077 0.09429787234042551
0 0.15298076923076923 0.3820212765957447 0.15332417582417582 0.09108510638297873
0 0.6585989010989011 0.38640425531914896 0.32925824175824164 0.14204255319148934
0 0.3556043956043956 0.2745744680851064 0.2233104395604395 0.1104255319148936
0 0.1418543956043956 0.1920212765957447 0.15958791208791212 0.09972340425531916
0 0.6554807692307693 0.5068936170212767 0.3201373626373627 0.1263829787234042
0 0.35946428571428574 0.3869787234042553 0.21920329670329675 0.10482978723404252
0 0.15714285714285714 0.48068085106382974 0.15479395604395604 0.10391489361702122
0 0.6495604395604395 0.6400425531914894 0.3121840659340659 0.1314255319148936
0 0.35734890109890105 0.49782978723404253 0.21236263736263739 0.11631914893617025
1 0.7281593406593407 0.5667659574468085 0.026813186813186788 0.03763829787234054
1 0.7198214285714285 0.704404255319149 0.023983516483516532 0.04261702127659569
1 0.18813186813186814 0.3107446808510639 0.021208791208791204 0.033319148936170266
1 0.18365384615384614 0.20853191489361703 0.02361263736263736 0.03329787234042554
1 0.2796153846153846 0.35482978723404257 0.026991758241758212 0.030617021276595716
1 0.5391208791208791 0.6061063829787234 0.023269230769230844 0.03368085106382988
1 0.5354670329670329 0.7226382978723404 0.020782967032967028 0.03053191489361707
1 0.7385027472527472 0.4214468085106383 0.02537087912087916 0.033702127659574414
1 0.7109752747252748 0.8287446808510638 0.02291208791208792 0.029297872340425492
1 0.5450412087912088 0.3477872340425532 0.025178571428571484 0.03387234042553195
0 0.35876373626373625 0.5915957446808511 0.21056318681318675 0.12846808510638297
1 0.5420329670329671 0.4819361702127659 0.022170329670329652 0.03770212765957453
1 0.2771978021978022 0.24580851063829787 0.024107142857142872 0.032404255319148915
1 0.09391483516483518 0.2699787234042553 0.023434065934065936 0.034361702127659585
1 0.10504120879120879 0.45699999999999996 0.022252747252747236 0.02834042553191488
1 0.09097527472527472 0.17159574468085106 0.020865384615384612 0.030042553191489373
1 0.4118543956043956 0.2926382978723404 0.02478021978021973 0.03521276595744683
1 0.4115796703296703 0.5357021276595744 0.021442307692307712 0.030851063829787174
1 0.10005494505494505 0.36174468085106387 0.01953296703296703 0.03142553191489358
1 0.2853708791208791 0.4693191489361702 0.021593406593406632 0.029936170212765942
1 0.285260989010989 0.5701914893617022 0.01935439560439557 0.031106382978723413
0 0.6583516483516483 0.7637659574468085 0.26681318681318683 0.14948936170212765
1 0.41199175824175827 0.41631914893617017 0.026222527472527516 0.033531914893617
1 0.19728021978021978 0.5097021276595745 0.024271978021978044 0.03265957446808516
1 0.41181318681318685 0.6457021276595745 0.018131868131868196 0.03672340425531913
1 0.19427197802197804 0.41565957446808516 0.019629120879120908 0.025829787234042525