0 0.8344262295081967 0.3216901408450704 0.314808743169399 0.17059859154929582
0 0.19601092896174865 0.3377112676056338 0.3077322404371585 0.1382042253521127
0 0.5129234972677595 0.3347887323943662 0.30571038251366117 0.1368309859154929
0 0.19893442622950822 0.6522183098591549 0.3034972677595628 0.4629929577464789
0 0.8342622950819671 0.6484507042253521 0.3050546448087431 0.45785211267605647
1 0.5136338797814208 0.3382746478873239 0.1178415300546448 0.03852112676056337
1 0.7007377049180329 0.5203873239436619 0.030737704918032786 0.163169014084507
1 0.3268306010928962 0.511443661971831 0.025737704918032754 0.13179577464788736
0 0.5236338797814207 0.6558802816901409 0.3027322404371585 0.4665845070422535
1 0.38849726775956284 0.5114084507042254 0.027131147540983624 0.13616197183098597
1 0.20188524590163934 0.3381338028169014 0.10614754098360654 0.04045774647887327
1 0.8208743169398907 0.33961267605633805 0.10693989071038247 0.03947183098591552