0 0.39835 0.6900499999999999 0.21038333333333337 0.2129
0 0.1884666666666667 0.6886666666666666 0.21030000000000004 0.21558333333333338
0 0.6237166666666667 0.5663833333333333 0.20348333333333338 0.4465833333333332
0 0.8394999999999999 0.5625666666666667 0.20204999999999992 0.4489000000000001
0 0.6213 0.2851666666666667 0.21288333333333337 0.09136666666666665
0 0.8412333333333334 0.28595 0.21021666666666675 0.08668333333333332
1 0.7073833333333334 0.5751499999999999 0.02081666666666668 0.08279999999999992
1 0.26158333333333333 0.6937833333333333 0.022466666666666697 0.08568333333333328
1 0.8341999999999999 0.2805166666666667 0.08730000000000009 0.02651666666666671
1 0.3067333333333333 0.6974333333333333 0.021266666666666652 0.08453333333333338
1 0.6212666666666666 0.28003333333333336 0.08490000000000009 0.030333333333333313
1 0.7548 0.57555 0.018933333333333358 0.08551666666666677