0 0.34345454545454546 0.30208737864077667 0.12460000000000006 0.21218446601941746
0 0.4554181818181818 0.3218932038834952 0.08289090909090904 0.22601941747572818
0 0.5633818181818182 0.7400485436893204 0.08152727272727278 0.21203883495145634
1 0.9097090909090909 0.5825 0.0525090909090909 0.03291262135922331
0 0.4840545454545455 0.7551456310679612 0.08790909090909095 0.22131067961165063
0 0.6154727272727273 0.3328640776699029 0.07063636363636368 0.21070388349514563
0 0.5381818181818182 0.33099514563106797 0.07910909090909089 0.21939320388349512
0 0.6826909090909091 0.3397087378640777 0.0616727272727272 0.19434466019417473
0 0.36043636363636367 0.6804368932038835 0.14605454545454544 0.07182038834951464
0 0.19061818181818183 0.6101699029126213 0.17732727272727275 0.10640776699029134
0 0.6477636363636363 0.7244174757281553 0.07363636363636364 0.19466019417475738
0 0.35549090909090914 0.831504854368932 0.1450363636363636 0.12104368932038836
0 0.19867272727272728 0.8022087378640776 0.18089090909090905 0.28366504854368935
0 0.35952727272727275 0.7534223300970875 0.14456363636363634 0.06182038834951463
0 0.18807272727272728 0.35199029126213593 0.18203636363636364 0.40929611650485437