0 0.35534117647058827 0.25517647058823534 0.07503529411764703 0.09898823529411767
0 0.599764705882353 0.6548470588235294 0.0765411764705883 0.2055764705882353
0 0.6739529411764706 0.26698823529411764 0.06529411764705882 0.09138823529411762
0 0.11823529411764706 0.5029882352941176 0.11112941176470585 0.6347058823529412
0 0.43465882352941176 0.2600235294117647 0.07451764705882356 0.10108235294117648
0 0.23689411764705884 0.5044941176470588 0.10221176470588235 0.6134823529411765
0 0.861835294117647 0.4852941176470588 0.078070588235294 0.5179529411764706
0 0.3916470588235294 0.5764 0.15402352941176467 0.05463529411764699
0 0.7233176470588236 0.5581647058823529 0.1344470588235294 0.04694117647058821
0 0.5301647058823529 0.6605882352941177 0.07715294117647063 0.21077647058823532
1 0.3981176470588235 0.5672 0.07289411764705887 0.025788235294117598
1 0.17308235294117646 0.4127764705882353 0.014894117647058853 0.11209411764705879
1 0.5575058823529412 0.6554588235294118 0.019364705882352985 0.07096470588235286
0 0.5248470588235294 0.26221176470588237 0.07072941176470589 0.09155294117647055
0 0.7454117647058823 0.26839999999999997 0.0675058823529413 0.09477647058823527
1 0.19218823529411766 0.413835294117647 0.018070588235294133 0.11357647058823525
1 0.3836 0.6977411764705883 0.022094117647058792 0.07475294117647055
1 0.40449411764705884 0.2615529411764706 0.017317647058823563 0.06101176470588237
1 0.3860470588235294 0.2595529411764706 0.01880000000000002 0.060964705882352935
1 0.7256941176470588 0.5510823529411765 0.05821176470588237 0.024800000000000048
1 0.5753176470588235 0.6550117647058823 0.022047058823529423 0.07164705882352952
0 0.9361647058823529 0.48218823529411764 0.06717647058823518 0.5166352941176471
1 0.7001882352941176 0.2664235294117647 0.01762352941176473 0.06042352941176472
1 0.40541176470588236 0.6968705882352941 0.025364705882352876 0.07409411764705884
1 0.9133882352941176 0.4042823529411765 0.018305882352941113 0.09228235294117654
1 0.7172235294117647 0.2666588235294118 0.016517647058823488 0.06004705882352943
1 0.8922117647058824 0.40449411764705884 0.016517647058823488 0.09449411764705888
0 0.5934823529411765 0.2631294117647059 0.07091764705882356 0.0933411764705882
1 0.5701882352941177 0.2627529411764706 0.020400000000000036 0.05804705882352938
1 0.548235294117647 0.26430588235294117 0.017247058823529376 0.0611764705882353
1 0.7145176470588236 0.672164705882353 0.020399999999999904 0.07687058823529402
1 0.7333411764705883 0.672164705882353 0.020399999999999904 0.07371764705882362
0 0.687835294117647 0.6698117647058824 0.07058823529411765 0.15371764705882357
0 0.7545176470588235 0.6666588235294117 0.0627529411764705 0.15371764705882357