0 0.74538 0.3835 0.36798000000000003 0.27374
0 0.73972 0.20244 0.37440000000000007 0.08804000000000002
1 0.32894 0.58736 0.09970000000000004 0.03829999999999995
1 0.75378 0.55796 0.08488000000000011 0.039779999999999975
1 0.75014 0.27592 0.0908599999999999 0.035879999999999995
0 0.74166 0.6633600000000001 0.3820799999999999 0.2820599999999999
1 0.74988 0.19241999999999998 0.08966000000000009 0.03954000000000002
0 0.32433999999999996 0.6846599999999999 0.43066 0.28896000000000005
1 0.36922000000000005 0.51938 0.07379999999999995 0.027660000000000025
0 0.32462 0.19616 0.43076 0.09383999999999998
1 0.3277 0.1977 0.10462 0.02924000000000001