0 0.24388663967611338 0.5399080882352941 0.25323886639676113 0.23011029411764702
0 0.7583198380566802 0.5416911764705883 0.25479757085020244 0.2284191176470588
0 0.2467004048582996 0.777702205882353 0.2546356275303644 0.22156249999999994
0 0.5010526315789474 0.7763051470588236 0.25585020242914985 0.21882352941176464
1 0.504919028340081 0.7055882352941176 0.06115384615384617 0.05474264705882348
1 0.24265182186234818 0.4709007352941177 0.06097165991902835 0.054963235294117604
0 0.7573481781376518 0.7710110294117647 0.2545951417004048 0.21834558823529407
0 0.5008299595141701 0.5468198529411765 0.25698380566801615 0.24667279411764712
1 0.5043927125506072 0.46875 0.06410931174089073 0.0612683823529412
1 0.7667004048582996 0.4679779411764706 0.07253036437246972 0.05667279411764703
1 0.7675506072874494 0.7061948529411765 0.0708502024291498 0.06433823529411764
1 0.24459514170040486 0.7069485294117647 0.06746963562753039 0.05974264705882353