0 0.7808771929824561 0.8008641975308642 0.2557456140350877 0.18337448559670783
0 0.7824561403508772 0.42448559670781894 0.25728070175438605 0.18271604938271607
0 0.7803508771929824 0.6130041152263375 0.2560087719298246 0.17823045267489712
0 0.3067543859649123 0.4306584362139918 0.24995614035087724 0.17827160493827157
0 0.3101754385964912 0.8021810699588477 0.2534649122807017 0.17925925925925926
0 0.30776315789473685 0.6159259259259259 0.24921052631578944 0.17386831275720166
0 0.30736842105263157 0.238559670781893 0.24991228070175434 0.18094650205761317
1 0.787719298245614 0.6230864197530864 0.09232456140350882 0.03950617283950627
1 0.31162280701754386 0.25753086419753085 0.0875877192982456 0.03958847736625516
1 0.3134649122807017 0.44436213991769546 0.09039473684210529 0.03868312757201649
1 0.3196491228070175 0.8118106995884774 0.08837719298245617 0.03728395061728396
1 0.7870614035087719 0.43563786008230454 0.08333333333333333 0.03518518518518523
1 0.7864473684210527 0.812880658436214 0.08942982456140344 0.037325102880658406
1 0.3168859649122807 0.6255144032921811 0.09539473684210527 0.040246913580246804