0 0.09408872901678657 0.2806204379562044 0.15308153477218228 0.438978102189781
0 0.5941007194244604 0.2829197080291971 0.16796163069544362 0.44989051094890514
0 0.7550719424460431 0.29135036496350364 0.1607194244604316 0.4433576642335766
0 0.2543285371702638 0.2810583941605839 0.16083932853717026 0.4456934306569343
0 0.4284772182254197 0.2812773722627737 0.16378896882494007 0.4477372262773723
0 0.9108992805755396 0.3117518248175182 0.14579136690647473 0.43040145985401457
0 0.835 0.7675547445255475 0.29800959232613905 0.4260948905109489
1 0.8298201438848921 0.2947445255474453 0.015431654676258863 0.034708029197080256
1 0.5200599520383693 0.283941605839416 0.012278177458033585 0.03299270072992698
1 0.4982374100719424 0.28255474452554746 0.016019184652278196 0.0338321167883212
0 0.5070503597122302 0.7658759124087591 0.3137889688249401 0.4355839416058393
1 0.8490767386091127 0.29295620437956205 0.016822541966426827 0.03204379562043796
0 0.1855755395683453 0.7607664233576642 0.3063669064748201 0.44638686131386873
1 0.8356834532374101 0.6166423357664234 0.07256594724220622 0.04386861313868606
1 0.18321342925659473 0.2760583941605839 0.01412470023980812 0.031350364963503664
1 0.16027577937649878 0.27985401459854015 0.016810551558752992 0.0345255474452555
1 0.5102757793764988 0.6192335766423357 0.07741007194244612 0.05021897810218975