0 0.3485498489425982 0.6406042296072507 0.5997583081570996 0.1032628398791541
1 0.3418731117824773 0.7183383685800605 0.15797583081570998 0.0665256797583081
1 0.34416918429003024 0.23211480362537765 0.16858006042296067 0.05830815709969792
1 0.3423564954682779 0.6071299093655589 0.15972809667673718 0.06208459214501514
1 0.3440785498489426 0.4942900302114804 0.17320241691842905 0.062235649546827865
1 0.3427794561933535 0.4082175226586103 0.1677341389728097 0.0571601208459215
1 0.34350453172205436 0.3201208459214501 0.17129909365558918 0.057069486404833884
0 0.35036253776435045 0.5213293051359517 0.6012688821752267 0.10519637462235648
0 0.34891238670694863 0.2572507552870091 0.579214501510574 0.0964350453172206
0 0.3398489425981873 0.7712688821752265 0.5869486404833837 0.14048338368580052
0 0.34833836858006045 0.35416918429003025 0.5951963746223564 0.09492447129909362
0 0.34794561933534746 0.42746223564954683 0.6024471299093656 0.08039274924471303