0 0.6924227642276423 0.8089903846153846 0.3493821138211382 0.2789038461538461
0 0.3236422764227642 0.7993846153846154 0.34689430894308937 0.28448076923076915
1 0.6891544715447154 0.684923076923077 0.184390243902439 0.036750000000000026
0 0.6859999999999999 0.6269326923076923 0.3522439024390243 0.07125961538461528
1 0.3227967479674797 0.6851730769230769 0.1834308943089431 0.04124038461538471
0 0.32401626016260165 0.6256153846153846 0.3509756097560975 0.06988461538461545
1 0.6866991869918699 0.6247307692307693 0.21435772357723584 0.03715384615384625
1 0.31170731707317073 0.6233846153846154 0.1993333333333334 0.030615384615384537
1 0.34097560975609753 0.2746826923076923 0.192829268292683 0.02936538461538458
1 0.6775772357723577 0.27102884615384615 0.19614634146341461 0.0335961538461539
0 0.679219512195122 0.15487499999999998 0.32299186991869905 0.2782115384615385
0 0.3442276422764227 0.1519903846153846 0.34243902439024393 0.28398076923076926