0 0.4489375 0.42081666666666667 0.40107499999999996 0.1527833333333333
0 0.4498375 0.5713333333333334 0.3899875 0.14103333333333334
1 0.5283375 0.28296666666666664 0.0284375 0.04103333333333334
0 0.5396375 0.27213333333333334 0.23450000000000004 0.15751666666666664
1 0.5371374999999999 0.6117166666666666 0.03196250000000006 0.04313333333333333
1 0.3158125 0.24733333333333335 0.030574999999999974 0.0387833333333333
1 0.540175 0.45278333333333337 0.02917500000000004 0.042099999999999985
1 0.30708749999999996 0.39408333333333334 0.034499999999999996 0.04103333333333334
0 0.4493 0.7106666666666667 0.37905 0.15821666666666678
1 0.5354625 0.7505333333333333 0.031412499999999996 0.0451333333333334
1 0.31004999999999994 0.5324166666666666 0.028874999999999994 0.03819999999999993
0 0.3307 0.2434166666666667 0.1826375 0.1568166666666667