0 0.24095 0.22584631360332297 0.08821666666666668 0.20283489096573212
0 0.15255 0.29636552440290753 0.08459166666666666 0.2974039460020768
0 0.4251916666666667 0.8095846313603323 0.09048333333333332 0.08176531671858775
0 0.42424166666666663 0.7193042575285566 0.09265833333333329 0.08142263759086198
0 0.3346 0.22825545171339565 0.09125833333333333 0.20394600207684319
0 0.8479833333333333 0.6560851505711318 0.06852499999999992 0.372159916926272
0 0.7581749999999999 0.7253478712357216 0.09149999999999996 0.08147455867082039
0 0.7554333333333333 0.8108722741433022 0.08870833333333338 0.08019730010384218
0 0.4352083333333333 0.29840083073727935 0.08742500000000002 0.2951921079958463
0 0.42728333333333335 0.6512461059190031 0.08876666666666665 0.05274143302180682
0 0.8459666666666666 0.30075804776739357 0.08010833333333324 0.3112149532710281
0 0.5354583333333333 0.7700726895119419 0.11300833333333343 0.16703011422637581
0 0.9195916666666667 0.6586604361370716 0.07428333333333323 0.37670820353063345
0 0.6449583333333334 0.7704465212876428 0.11522499999999998 0.16587746625129804
0 0.32545 0.7736863966770509 0.09591666666666669 0.1680477673935617
1 0.46495833333333336 0.41386292834890964 0.014383333333333326 0.05456905503634471
0 0.22576666666666667 0.7746002076843199 0.0942166666666667 0.1669678089304257
0 0.7579750000000001 0.6526168224299066 0.08971666666666674 0.04651090342679124
0 0.9192583333333333 0.29389408099688474 0.07629166666666681 0.3153894080996885
1 0.8733000000000001 0.41372793354101767 0.01767500000000003 0.05792315680166145
0 0.13175833333333334 0.652294911734164 0.08534166666666665 0.04774662512980272
1 0.17090833333333333 0.7194392523364487 0.015650000000000025 0.05453790238836966
1 0.2656 0.721889927310488 0.018649999999999996 0.05437175493250249
0 0.1295 0.7695742471443406 0.088175 0.16023883696780888
1 0.8725583333333333 0.5000623052959502 0.01834166666666685 0.054600207684319876
0 0.05125 0.7292419522326065 0.057566666666666655 0.20844236760124613
0 0.7467250000000001 0.2998442367601246 0.08880833333333328 0.3004672897196262
1 0.07175833333333333 0.6590861889927311 0.016858333333333326 0.053281412253374814
1 0.2796416666666667 0.29106957424714436 0.014025000000000034 0.04898234683281408
1 0.8921749999999999 0.49963655244029076 0.02009166666666677 0.05637590861889923
1 0.8923166666666666 0.41498442367601246 0.01654166666666659 0.055835929387331236
1 0.57605 0.7195846313603323 0.019558333333333355 0.0541848390446522
1 0.09336666666666667 0.4142263759086189 0.016575000000000013 0.048940809968847344
0 0.07675 0.3032294911734164 0.047999999999999994 0.28533748701973
1 0.298225 0.2922326064382139 0.013983333333333311 0.04853582554517135
1 0.7537 0.6519522326064383 0.0482583333333334 0.016417445482865986
1 0.18669166666666667 0.4149636552440291 0.01737500000000002 0.051225337487019774
1 0.6003499999999999 0.7185981308411215 0.016499999999999963 0.05372793354101766
1 0.28544166666666665 0.7197715472481827 0.016174999999999974 0.052596053997923255
1 0.13269166666666665 0.6506126687435099 0.04615 0.01602284527518179
1 0.42739166666666667 0.6513811007268951 0.048224999999999955 0.01622014537902377
1 0.42650000000000005 0.8153790238836969 0.03648333333333336 0.015898234683281356
1 0.755525 0.8169262720664591 0.038325000000000005 0.015825545171339574
1 0.42557500000000004 0.7271131879543095 0.03775000000000001 0.01663551401869157
1 0.7558666666666667 0.7228452751817238 0.03240000000000009 0.017165109034267885
1 0.71265 0.41187954309449637 0.01582500000000001 0.04933541017653166