0 0.6438033395176253 0.7654966887417219 0.24326530612244898 0.29761589403973515
0 0.40487940630797764 0.7529403973509934 0.22749536178107602 0.28715231788079465
0 0.18263450834879405 0.7437615894039734 0.20042671614100183 0.277748344370861
0 0.23302411873840445 0.22744370860927152 0.20031539888682742 0.2800264900662252
0 0.6940074211502782 0.206 0.2333580705009276 0.30566887417218547
0 0.39532467532467536 0.5786490066225165 0.23012987012987016 0.06488741721854306
1 0.393747680890538 0.5816291390728476 0.034267161410018496 0.037615894039735066
0 0.17894248608534324 0.5781456953642384 0.20261595547309835 0.05663576158940396
1 0.3119109461966605 0.2220662251655629 0.04280148423005565 0.03148344370860925
1 0.1715398886827458 0.575907284768212 0.029684601113172542 0.030953642384105966
1 0.6331539888682746 0.5860132450331126 0.04111317254174391 0.03769536423841065
0 0.6464192949907236 0.5851920529801324 0.24864564007421147 0.06329801324503306
1 0.5320222634508348 0.7569006622516556 0.02922077922077922 0.031417218543046396
1 0.2568460111317254 0.739523178807947 0.028589981447124352 0.026556291390728418
1 0.4854730983302412 0.7518807947019867 0.03766233766233763 0.03103311258278154
1 0.582504638218924 0.2096953642384106 0.031261595547309874 0.02851655629139069