0 0.588075 0.29946590909090903 0.1714125 0.2249318181818182
0 0.40551250000000005 0.30157954545454546 0.1723375 0.22397727272727275
0 0.407625 0.5591022727272728 0.1670375 0.21705681818181818
0 0.407975 0.7984318181818182 0.16504999999999995 0.2139886363636363
0 0.5886499999999999 0.5586363636363637 0.16654999999999995 0.21934090909090906
0 0.5859125000000001 0.79775 0.16465000000000005 0.21401136363636356
1 0.5194375 0.5527954545454545 0.022399999999999948 0.06455681818181824
1 0.5197375000000001 0.3095454545454545 0.021712500000000006 0.06729545454545457
1 0.5190375 0.7913068181818183 0.02396249999999995 0.06682954545454539
1 0.461275 0.3081022727272727 0.021962500000000062 0.0677954545454545
1 0.46185000000000004 0.5566931818181818 0.022674999999999983 0.06722727272727276
1 0.4618 0.7935340909090909 0.024224999999999993 0.06659090909090899