0 0.6539484396200813 0.4354823529411765 0.10712347354138398 0.5033176470588235
0 0.24435549525101766 0.49261176470588236 0.15791044776119403 0.5732705882352941
0 0.39894165535956577 0.46590588235294117 0.14390773405698776 0.5361176470588236
1 0.5876933514246947 0.24348235294117648 0.017747625508819594 0.09254117647058827
1 0.3179511533242877 0.27185882352941176 0.021085481682496635 0.09661176470588233
1 0.3473405698778833 0.2685411764705882 0.02081411126187246 0.09875294117647061
1 0.8091587516960652 0.22498823529411766 0.018805970149253597 0.08105882352941174
1 0.6118724559023067 0.24287058823529412 0.018887381275440922 0.08602352941176471
1 0.8252781546811397 0.2235529411764706 0.015563093622795152 0.0784705882352941
0 0.7630800542740841 0.41345882352941177 0.10704206241519688 0.48103529411764706
0 0.5327408412483039 0.4583764705882353 0.12382632293080054 0.5355529411764706
0 0.8616824966078697 0.39581176470588236 0.09074626865671656 0.4692470588235294