0 0.43660401002506266 0.7617543859649123 0.17177944862155395 0.27328320802005013
0 0.7021929824561404 0.7187844611528822 0.142155388471178 0.2690350877192983
0 0.5798496240601504 0.24370927318295738 0.10665413533834588 0.15464912280701756
0 0.356015037593985 0.2475062656641604 0.11572681704260654 0.16184210526315787
1 0.6847368421052631 0.55531328320802 0.05528822055137831 0.027055137844611568
1 0.46349624060150374 0.5796491228070175 0.05929824561403515 0.02709273182957394
0 0.6826315789473685 0.24403508771929824 0.092781954887218 0.14406015037593983
0 0.45392230576441106 0.5828947368421052 0.230827067669173 0.07349624060150373
0 0.676015037593985 0.5551378446115288 0.19461152882205507 0.05868421052631584
0 0.4719548872180451 0.2519423558897243 0.11320802005012535 0.15781954887218042
1 0.6485338345864662 0.7349248120300752 0.019824561403508762 0.0702130325814536
1 0.5079448621553885 0.7561278195488722 0.018182957393483697 0.07332080200501252