0 0.44 0.7250624999999999 0.6106625 0.3172749999999999
0 0.43228750000000005 0.4824 0.6062375000000001 0.2731625
1 0.57785 0.4314125 0.13642500000000005 0.06167500000000004
1 0.577625 0.6966625000000001 0.12460000000000009 0.07168749999999989
1 0.2744625 0.6629875 0.12181250000000002 0.07333750000000001
1 0.27152499999999996 0.405475 0.13453749999999995 0.06609999999999999
1 0.4176375 0.20938749999999998 0.02060000000000002 0.014662500000000023
0 0.41533749999999997 0.23638750000000003 0.03166250000000005 0.05230000000000004
0 0.448575 0.250275 0.027224999999999965 0.02563749999999999
1 0.418375 0.24736249999999999 0.017012500000000017 0.017562500000000016
1 0.4161625 0.18248750000000002 0.021987500000000038 0.015549999999999998
0 0.4811125 0.1168625 0.030337499999999976 0.01793749999999999