0 0.27361731843575415 0.595146484375 0.38930167597765364 0.17890625000000004
0 0.26581005586592177 0.3912890625 0.40142458100558653 0.19072265625000007
0 0.7459078212290503 0.5833984375 0.39639664804469266 0.18692382812500002
0 0.7385754189944135 0.774599609375 0.3853491620111733 0.17898437499999997
0 0.28191340782122903 0.766962890625 0.375963687150838 0.17175781249999988
0 0.26741620111731845 0.193076171875 0.3833659217877095 0.16611328124999997
1 0.2893296089385475 0.83732421875 0.10532122905027937 0.03921875000000008
1 0.2688268156424581 0.46072265625 0.10687150837988824 0.03874023437499996
1 0.27452513966480446 0.658623046875 0.10678770949720667 0.03689453124999997
1 0.2642178770949721 0.254267578125 0.11398044692737432 0.03659179687500003
1 0.7398324022346369 0.8440234375 0.08631284916201111 0.03240234375000006
1 0.7483240223463686 0.660341796875 0.09431564245810052 0.031044921874999964