0 0.8426950354609929 0.40428763440860216 0.12157801418439705 0.3306182795698925
0 0.5281560283687943 0.3965994623655914 0.1481737588652481 0.37674731182795707
0 0.6975531914893617 0.40423387096774194 0.13897163120567374 0.3470698924731183
0 0.838031914893617 0.7165860215053763 0.12242907801418432 0.26501344086021505
0 0.3739716312056737 0.3995161290322581 0.17028368794326246 0.4003225806451612
0 0.3724113475177304 0.7652822580645161 0.16930851063829783 0.3219086021505376
0 0.5224822695035461 0.7452822580645161 0.14840425531914897 0.3020833333333333
1 0.7655673758865248 0.3891666666666667 0.016471631205673694 0.04747311827956996
1 0.44221631205673756 0.38491935483870965 0.019982269503546066 0.05794354838709679
1 0.46494680851063835 0.7048118279569893 0.019734042553191482 0.06120967741935479
1 0.4380496453900709 0.7079032258064516 0.02051418439716311 0.0566666666666667
1 0.4711347517730497 0.3835483870967742 0.016773049645390135 0.05639784946236564
0 0.6966489361702128 0.7356586021505377 0.13351063829787227 0.28551075268817205
1 0.7608156028368794 0.6787903225806451 0.01656028368794332 0.04814516129032257
1 0.7884219858156029 0.3846102150537634 0.016258865248226877 0.045524193548387104
0 0.7768085106382979 0.15169354838709675 0.2729609929078015 0.1255779569892473
1 0.7834574468085106 0.6760349462365591 0.01723404255319154 0.04735215053763443
0 0.4556028368794326 0.11274193548387096 0.3521808510638298 0.15215053763440858