0 0.11868235294117646 0.49738823529411763 0.10654117647058824 0.6332941176470588
0 0.2399529411764706 0.5023529411764706 0.1023294117647059 0.6175058823529413
0 0.8613411764705882 0.4780235294117647 0.0741647058823529 0.5169882352941175
0 0.9365882352941177 0.47767058823529407 0.06823529411764706 0.5064235294117647
0 0.349764705882353 0.7004 0.08058823529411764 0.1629882352941176
0 0.7420000000000001 0.2691058823529412 0.06164705882352952 0.09771764705882349
0 0.5302823529411764 0.6600941176470588 0.0744235294117647 0.2122117647058823
0 0.5956235294117647 0.6551764705882352 0.07068235294117645 0.20470588235294118
0 0.4346823529411765 0.25894117647058823 0.07063529411764702 0.09849411764705879
0 0.5257176470588235 0.2617882352941176 0.06936470588235298 0.09028235294117645
0 0.7210823529411764 0.5589647058823529 0.13216470588235285 0.050470588235294093
0 0.5927058823529412 0.26552941176470585 0.06480000000000005 0.09214117647058825
0 0.35508235294117646 0.2572 0.07870588235294115 0.10061176470588233
0 0.6737411764705882 0.26628235294117647 0.06261176470588238 0.09164705882352946
1 0.39656470588235293 0.5667294117647059 0.07343529411764702 0.025576470588235305
1 0.3840470588235294 0.6978588235294118 0.021529411764705828 0.07567058823529405
1 0.7261411764705883 0.5505882352941176 0.0539058823529411 0.02458823529411762
0 0.6884941176470588 0.6739058823529412 0.0706588235294117 0.15409411764705885
0 0.7560941176470588 0.668235294117647 0.0650823529411764 0.1502352941176471
1 0.5569882352941177 0.6547764705882352 0.018964705882352946 0.07239999999999995
0 0.43101176470588237 0.691670588235294 0.07668235294117655 0.1596000000000001
1 0.40562352941176466 0.697670588235294 0.02541176470588238 0.07421176470588227
1 0.5746588235294118 0.6573411764705882 0.01971764705882352 0.07305882352941166
1 0.7160000000000001 0.6701411764705882 0.02077647058823539 0.07228235294117653
1 0.3856235294117647 0.26023529411764706 0.0167529411764706 0.06023529411764705
1 0.7335294117647059 0.6702117647058823 0.019929411764705945 0.07007058823529405
1 0.7000235294117647 0.2676 0.015576470588235304 0.054776470588235295
1 0.406 0.2632470588235294 0.017882352941176523 0.06237647058823527
1 0.19451764705882355 0.41254117647058824 0.015623529411764673 0.11296470588235293
1 0.8923058823529412 0.40498823529411765 0.015458823529411882 0.09218823529411767
1 0.9082588235294118 0.4068470588235294 0.01654117647058817 0.09465882352941181
1 0.5484 0.26211764705882357 0.016917647058823523 0.05597647058823527
1 0.5674588235294117 0.2639764705882353 0.017482352941176487 0.05694117647058821
1 0.7170352941176471 0.26776470588235296 0.015505882352941251 0.056188235294117636
1 0.17322352941176472 0.412 0.014894117647058853 0.11131764705882354
0 0.39028235294117647 0.5746117647058825 0.15235294117647058 0.05825882352941181