0 0.546125 0.8192231404958678 0.11224166666666671 0.3615537190082645
0 0.7222333333333333 0.6383966942148761 0.201875 0.15254545454545448
0 0.28545833333333337 0.6934545454545454 0.055791666666666705 0.3898016528925621
0 0.7741166666666667 0.8835041322314049 0.11770000000000001 0.2329752066115703
0 0.5427583333333333 0.5551735537190082 0.11435833333333335 0.12188429752066117
1 0.7229166666666667 0.8211900826446281 0.03244166666666672 0.048181818181818145
0 0.266025 0.40882644628099174 0.12515833333333334 0.10315702479338847
0 0.9121 0.9220826446280992 0.1327333333333334 0.14948760330578523
0 0.9245166666666668 0.7362479338842975 0.14691666666666672 0.1767768595041323
1 0.9121 0.7255537190082644 0.06285000000000006 0.07890909090909093
0 0.6706416666666667 0.8671239669421488 0.09938333333333332 0.26575206611570246
0 0.35463333333333336 0.8023801652892563 0.06649999999999996 0.317404958677686
0 0.43875 0.8454545454545455 0.08083333333333333 0.3090909090909091
1 0.9650583333333332 0.9672561983471075 0.03241666666666674 0.04256198347107438
1 0.7737166666666667 0.6565619834710744 0.05700000000000008 0.0671404958677686
1 0.699475 0.8032892561983471 0.031316666666666604 0.043983471074380186
1 0.6629583333333333 0.6033553719008264 0.04480833333333332 0.06578512396694207
1 0.38245 0.7101818181818182 0.01995833333333337 0.03363636363636367
1 0.22579166666666667 0.3981487603305785 0.03163333333333334 0.04157024793388426
0 0.22699166666666665 0.6428595041322314 0.051650000000000015 0.33530578512396697
1 0.5435749999999999 0.551206611570248 0.04044166666666665 0.05497520661157023
1 0.9914916666666667 0.981801652892562 0.016924999999999954 0.036330578512396725
1 0.39935833333333337 0.715504132231405 0.023316666666666683 0.03671074380165295
1 0.28586666666666666 0.4283636363636364 0.03314999999999998 0.041107438016528934
1 0.25834166666666664 0.5310743801652893 0.026583333333333313 0.041107438016528934
1 0.2431 0.5233884297520661 0.024341666666666695 0.03978512396694223