1 0.18851724137931036 0.6153719008264462 0.18767241379310343 0.05559917355371894
1 0.4672758620689655 0.6656818181818182 0.3172241379310345 0.0720867768595041
1 0.18598275862068966 0.42237603305785126 0.18606896551724142 0.04888429752066121
1 0.46343103448275863 0.4134297520661157 0.30794827586206897 0.06254132231404955
1 0.45689655172413796 0.14384297520661157 0.31962068965517243 0.0365495867768595
1 0.18301724137931036 0.22171487603305787 0.19363793103448276 0.030206611570247944
0 0.18567241379310345 0.3027685950413223 0.19629310344827589 0.17958677685950417
0 0.4615344827586207 0.24078512396694213 0.3315689655172414 0.25270661157024793
0 0.1863448275862069 0.4990495867768595 0.2002586206896552 0.19072314049586778
0 0.4615344827586207 0.5149380165289257 0.32891379310344826 0.24793388429752072
0 0.18567241379310345 0.6905578512396695 0.19893103448275862 0.1827685950413224
0 0.45887931034482754 0.7644628099173554 0.32891379310344826 0.25429752066115713