0 0.8334008097165991 0.4011575562700964 0.08856950067476398 0.42964630225080386
0 0.9204318488529014 0.402604501607717 0.08403508771929823 0.4344372990353698
0 0.14855600539811065 0.5501286173633441 0.08778677462887986 0.7502250803858521
0 0.49356275303643726 0.39945337620578775 0.20715249662618085 0.1461093247588424
0 0.4940350877192982 0.5610289389067524 0.20620782726045894 0.1427974276527332
0 0.4933468286099865 0.2540192926045016 0.20689608636977067 0.13864951768488748
1 0.695114709851552 0.6567845659163987 0.06345479082321186 0.028842443729903626
0 0.6913900134952767 0.7102893890675241 0.17955465587044528 0.1386173633440515
1 0.8789473684210526 0.6560450160771705 0.06426450742240201 0.027041800643086897
0 0.8767071524966261 0.7081993569131833 0.17738191632928482 0.1372668810289389
1 0.4961538461538461 0.6592282958199357 0.061309041835357556 0.02961414790996778
1 0.49755735492577596 0.8045016077170417 0.0635222672064778 0.028617363344051374
0 0.49329284750337377 0.8485852090032155 0.2082726045883941 0.14016077170418018
0 0.4934952766531714 0.7098392282958199 0.20515519568151144 0.14440514469453367
0 0.6909041835357623 0.8490032154340836 0.17574898785425097 0.13823151125401933
0 0.8760458839406208 0.852475884244373 0.1761943319838056 0.13758842443729902
1 0.49686909581646427 0.3481993569131833 0.06118758434547913 0.02581993569131833
1 0.6938461538461538 0.8022829581993569 0.06709851551956819 0.029324758842443746
1 0.4975168690958165 0.5106109324758843 0.06255060728744942 0.02778135048231507
1 0.8796086369770579 0.8028617363344052 0.06774628879892045 0.02665594855305473
1 0.8633468286099866 0.3968488745980707 0.017314439946018795 0.09035369774919612
1 0.4963697705802969 0.30684887459807075 0.06534412955465582 0.019421221864951745
1 0.09052631578947368 0.39421221864951767 0.0174089068825911 0.09244372990353698
1 0.12614035087719297 0.3934726688102894 0.013360323886639684 0.08977491961414796
1 0.8994197031039136 0.39665594855305464 0.015573549257759734 0.09273311897106111
0 0.05577597840755735 0.5606109324758842 0.08697705802968964 0.7587138263665594