0 0.21017094017094015 0.7066867469879519 0.35834757834757835 0.14514056224899594
0 0.5988034188034188 0.7212248995983936 0.3794586894586894 0.14676706827309244
0 0.2094871794871795 0.5263052208835342 0.35692307692307695 0.19504016064257026
0 0.5962108262108262 0.8880120481927711 0.3797150997150998 0.1533534136546185
0 0.2084900284900285 0.8733333333333334 0.35737891737891736 0.15941767068273088
1 0.37763532763532764 0.12248995983935743 0.03276353276353276 0.07825301204819277
1 0.3771225071225071 0.32648594377510043 0.031851851851851874 0.07833333333333331
1 0.3743874643874644 0.7173694779116466 0.03054131054131058 0.07763052208835335
1 0.37142450142450145 0.8779116465863454 0.03319088319088317 0.07483935742971884
1 0.42512820512820515 0.5368273092369478 0.03521367521367525 0.08094377510040167
1 0.37447293447293445 0.5339156626506024 0.02888888888888885 0.07763052208835335
1 0.42840455840455843 0.12180722891566265 0.03766381766381774 0.07680722891566265
1 0.4268660968660969 0.3267871485943775 0.03660968660968667 0.07738955823293177
1 0.42321937321937325 0.719698795180723 0.034643874643874716 0.07845381526104428
1 0.4198005698005698 0.8808634538152611 0.03253561253561258 0.07849397590361452
0 0.5894301994301994 0.5374698795180723 0.37452991452991463 0.19907630522088351
0 0.20786324786324784 0.3236144578313253 0.3558974358974359 0.19289156626506024
0 0.5925356125356124 0.10907630522088353 0.3807407407407406 0.1943574297188755
0 0.5908831908831909 0.32281124497991964 0.37763532763532764 0.19592369477911645
0 0.21213675213675212 0.12512048192771086 0.35749287749287745 0.1899196787148594