0 0.2954333333333333 0.5378866666666667 0.1345733333333333 0.3205999999999999
0 0.5693666666666667 0.5384533333333333 0.12721999999999994 0.3205866666666666
0 0.42529333333333336 0.5389066666666666 0.12798 0.32354666666666665
0 0.7004066666666666 0.53788 0.13076666666666673 0.3182266666666666
0 0.5700533333333334 0.3165866666666667 0.12227333333333339 0.07749333333333334
0 0.30082000000000003 0.3175133333333333 0.1334666666666667 0.07993333333333336
0 0.7038933333333333 0.31671333333333335 0.11796000000000004 0.07719333333333335
0 0.4319866666666667 0.3178666666666667 0.1240666666666666 0.08342
1 0.5689466666666666 0.3166 0.022073333333333268 0.03992
1 0.4312133333333334 0.31376 0.02621333333333329 0.04219333333333331
1 0.3449933333333333 0.5109733333333334 0.028913333333333298 0.07622666666666661
1 0.6507666666666666 0.5097466666666667 0.02769333333333331 0.07282000000000001
1 0.61872 0.5107666666666667 0.030253333333333406 0.07589999999999994
1 0.37692 0.5097466666666667 0.029746666666666595 0.07487333333333329
1 0.70436 0.31538666666666665 0.026153333333333344 0.03897333333333336
1 0.2948733333333333 0.31308 0.02666666666666667 0.03948666666666668