0 0.24563076923076924 0.833315649867374 0.3799692307692307 0.1306631299734748
0 0.24824615384615387 0.27140583554376657 0.38178461538461533 0.1295755968169761
0 0.24695384615384616 0.12883289124668434 0.3827692307692308 0.13344827586206895
0 0.696123076923077 0.8325729442970822 0.38132307692307704 0.14244031830238738
0 0.24627692307692306 0.6878779840848805 0.3836615384615384 0.12931034482758622
0 0.696276923076923 0.6853050397877984 0.38329230769230765 0.13281167108753322
0 0.24870769230769235 0.5452785145888595 0.38175384615384617 0.13493368700265254
0 0.2469846153846154 0.4173474801061008 0.381323076923077 0.13591511936339526
0 0.6995076923076924 0.11952254641909815 0.3815384615384616 0.14785145888594167
0 0.6980923076923077 0.5429177718832892 0.3819384615384615 0.1371618037135278
0 0.7004615384615386 0.26870026525198937 0.38160000000000005 0.13596816976127318
0 0.7007384615384615 0.4136339522546419 0.3804923076923076 0.13986737400530508
1 0.24938461538461537 0.6958355437665782 0.1726461538461538 0.052891246684350204
1 0.24799999999999997 0.13050397877984085 0.17846153846153845 0.04840848806366048
1 0.24799999999999997 0.8339257294429708 0.17455384615384612 0.05220159151193621
1 0.24796923076923078 0.5542175066312998 0.1748307692307692 0.054801061007957626
1 0.2529230769230769 0.27450928381962864 0.17338461538461536 0.05360742705570294
1 0.24763076923076924 0.4123342175066313 0.17593846153846157 0.05631299734748015
1 0.6983692307692307 0.8381432360742707 0.17375384615384606 0.06480106100795743
1 0.6991384615384615 0.6922811671087533 0.17713846153846152 0.0661273209549071
1 0.698 0.5585676392572945 0.17476923076923082 0.06517241379310343
1 0.6993230769230769 0.2703713527851459 0.1779384615384615 0.05936339522546418
1 0.6966153846153846 0.42143236074270557 0.17883076923076924 0.07053050397877977
1 0.7058461538461539 0.14005305039787797 0.1828615384615385 0.06851458885941646