1 0.884765625 0.564621409921671 0.0146484375 0.1370757180156658
1 0.873046875 0.564621409921671 0.01171875 0.13446475195822455
1 0.1357421875 0.45430809399477806 0.013671875 0.04177545691906005
1 0.14599609375 0.4490861618798956 0.0107421875 0.04308093994778068
0 0.1064453125 0.3433420365535248 0.048828125 0.2950391644908616
0 0.1640625 0.34595300261096606 0.0419921875 0.2362924281984334
0 0.19921875 0.3453002610966057 0.0283203125 0.20365535248041775
0 0.28759765625 0.3537859007832898 0.123046875 0.19843342036553524
1 0.333984375 0.6997389033942559 0.013671875 0.04177545691906005
0 0.40869140625 0.2924281984334204 0.068359375 0.09007832898172324
0 0.61474609375 0.360313315926893 0.1171875 0.2154046997389034
1 0.4365234375 0.31266318537859006 0.009765625 0.03655352480417755