0 0.39493333333333336 0.7637 0.4434 0.12193333333333328
0 0.39466666666666667 0.4296333333333333 0.44123333333333337 0.11596666666666669
0 0.39503333333333335 0.658 0.4417666666666667 0.12083333333333333
0 0.3952 0.31093333333333334 0.4426666666666667 0.11596666666666663
0 0.39390000000000003 0.5341666666666667 0.44110000000000005 0.1150333333333333
0 0.3931 0.20336666666666667 0.4454333333333333 0.1213
1 0.3839666666666667 0.15516666666666665 0.11743333333333335 0.046566666666666666
1 0.3881 0.38366666666666666 0.1126666666666667 0.047700000000000006
1 0.38503333333333334 0.26896666666666663 0.11613333333333334 0.048500000000000036
1 0.38109999999999994 0.4968666666666667 0.11663333333333331 0.04870000000000005
1 0.38756666666666667 0.6109333333333333 0.11323333333333332 0.046066666666666645
1 0.38580000000000003 0.7214999999999999 0.11440000000000003 0.04910000000000006