0 0.6414492753623189 0.2561692650334076 0.392512077294686 0.091358574610245
0 0.6429951690821256 0.16899777282850778 0.396328502415459 0.08665924276169264
0 0.26357487922705314 0.3462806236080178 0.31371980676328504 0.06779510022271715
0 0.26202898550724635 0.2679510022271715 0.3377294685990338 0.07719376391982179
0 0.2594202898550725 0.5898218262806235 0.3372463768115942 0.0725167037861916
0 0.6371980676328503 0.3352338530066815 0.3898067632850241 0.08178173719376386
0 0.27115942028985507 0.18937639198218262 0.3396618357487923 0.07886414253897549
0 0.6572946859903381 0.07579064587973275 0.39937198067632856 0.08826280623608017
0 0.24811594202898551 0.5023385300668152 0.33942028985507255 0.07053452115812921
0 0.2586473429951691 0.42975501113585746 0.32198067632850247 0.07536748329621375
0 0.24632850241545895 0.6603786191536748 0.3254106280193237 0.07213808463251667
0 0.25396135265700487 0.7336302895322939 0.3244444444444444 0.07648106904231633
1 0.6268599033816424 0.3110022271714922 0.05014492753623186 0.03543429844098001
0 0.2672946859903382 0.10022271714922049 0.34782608695652173 0.0786859688195991
0 0.6296135265700483 0.34670378619153674 0.4090338164251209 0.08759465478841867
0 0.6264251207729468 0.4328062360801782 0.3961352657004831 0.08167037861915372
0 0.6264251207729468 0.5196659242761693 0.4090338164251209 0.0861247216035635
0 0.6264251207729468 0.6013363028953229 0.4025603864734299 0.08612472160356345
0 0.6183574879227053 0.6859688195991092 0.3864734299516908 0.083140311804009
0 0.6183574879227053 0.771336302895323 0.3928985507246376 0.08463251670378619
0 0.6199516908212561 0.8589532293986637 0.3832367149758453 0.08463251670378619
0 0.2560386473429952 0.8188641425389755 0.34458937198067624 0.08167037861915358
1 0.24961352657004832 0.0742316258351893 0.06763285024154589 0.035634743875278395
1 0.6344444444444445 0.04826280623608018 0.07086956521739131 0.037126948775055686
1 0.24961352657004832 0.155902004454343 0.06763285024154589 0.035634743875278395
1 0.6312560386473429 0.1358574610244989 0.057971014492753624 0.034142538975501124
1 0.25280193236714976 0.24053452115812918 0.06763285024154589 0.035634743875278395
1 0.6344444444444445 0.2256792873051225 0.07086956521739131 0.032672605790645855
1 0.24961352657004832 0.32220489977728284 0.06763285024154589 0.03267260579064592
1 0.25120772946859904 0.4023830734966592 0.057971014492753624 0.035634743875278395
1 0.6264251207729468 0.4038530066815145 0.054734299516908204 0.03267260579064592
1 0.6199516908212561 0.48775055679287305 0.06763285024154589 0.043051224944320676
1 0.2463768115942029 0.4803340757238307 0.07405797101449274 0.031180400890868598
1 0.24961352657004832 0.562739420935412 0.06763285024154589 0.04158129175946552
1 0.6199516908212561 0.5716481069042316 0.08053140096618365 0.035634743875278395
1 0.2463768115942029 0.6399331848552339 0.07405797101449274 0.032672605790645785
1 0.24314009661835748 0.7178841870824053 0.06763285024154589 0.03414253897550121
1 0.23830917874396135 0.7951002227171492 0.09019323671497585 0.03414253897550121
1 0.6054589371980676 0.7386859688195991 0.07086956521739124 0.0430512249443208
1 0.6054589371980675 0.6547884187082406 0.07729468599033809 0.032672605790645785
1 0.6022705314009662 0.8262806236080178 0.06439613526570054 0.02821826280623599