0 0.56694 0.31236 0.18105999999999994 0.52328
0 0.39227999999999996 0.31038 0.15574000000000002 0.50454
0 0.4746600000000001 0.8260599999999999 0.33398000000000005 0.1166400000000001
0 0.47296000000000005 0.6984600000000001 0.33098000000000005 0.09079999999999995
1 0.47914 0.3245 0.019440000000000054 0.029559999999999944
0 0.47486 0.6150800000000001 0.3391200000000001 0.05374000000000001
1 0.5544600000000001 0.83 0.022940000000000054 0.036180000000000066
1 0.55426 0.7072200000000001 0.022579999999999927 0.03381999999999993
1 0.45232 0.32572 0.01975999999999999 0.03024000000000001
1 0.37968 0.81314 0.024620000000000003 0.03351999999999998
1 0.55426 0.6227999999999999 0.02059999999999991 0.026700000000000047
1 0.37986000000000003 0.6934600000000001 0.021440000000000056 0.031779999999999975
1 0.37864 0.61062 0.02015999999999997 0.02466000000000008