0 0.8119587628865979 0.504438596491228 0.37607310215557627 0.2922631578947369
0 0.30008434864104966 0.541421052631579 0.20893158388003746 0.3126666666666667
0 0.5098969072164948 0.5304736842105263 0.20504217432052482 0.30124561403508776
0 0.8125585754451734 0.7956140350877193 0.37488284910965325 0.2929824561403509
0 0.29896907216494845 0.8473684210526315 0.2099343955014058 0.30526315789473685
0 0.5094001874414246 0.8318947368421054 0.2028022492970946 0.3052982456140352
1 0.304892221180881 0.4550526315789474 0.07072164948453612 0.04766666666666664
0 0.3086785379568885 0.3474912280701754 0.21123711340206183 0.048666666666666684
1 0.51427366447985 0.4455438596491228 0.07103092783505151 0.04836842105263157
0 0.5173570759137769 0.34305263157894733 0.20405810684161202 0.048982456140350905
1 0.8125960637300843 0.42854385964912284 0.07391752577319577 0.04752631578947364
1 0.8123055295220244 0.7192982456140351 0.06937207122774132 0.04285964912280693
1 0.3052389878163074 0.7680877192982456 0.07586691658856612 0.04708771929824567
1 0.5132802249297094 0.7483508771929824 0.07415182755388947 0.04529824561403518
0 0.30029053420806 0.16517543859649123 0.2090627928772259 0.3298596491228071
0 0.8092783505154639 0.33173684210526316 0.38144329896907214 0.04464912280701752