0 0.20455769230769233 0.18853124999999998 0.14951923076923077 0.27474999999999994
0 0.5684230769230769 0.22225 0.20734615384615387 0.336125
0 0.7863461538461538 0.240625 0.2515576923076922 0.365625
0 0.7813653846153846 0.601125 0.2448269230769232 0.34656249999999994
0 0.3607115384615385 0.20606249999999998 0.17769230769230765 0.30425
0 0.3701923076923077 0.50596875 0.1833461538461539 0.29512499999999997
0 0.5645961538461538 0.5194375 0.21113461538461537 0.27512500000000006
1 0.5565 0.07175000000000001 0.07250000000000009 0.0381875
1 0.5561153846153847 0.40434374999999995 0.07448076923076927 0.04134375000000001
1 0.7861346153846154 0.07681249999999999 0.08180769230769223 0.04321874999999999
1 0.36415384615384616 0.37687499999999996 0.062288461538461515 0.03853125000000004
1 0.3596346153846154 0.066 0.06242307692307689 0.032125
1 0.7779807692307692 0.7926874999999999 0.08176923076923073 0.04921874999999991
1 0.7814230769230769 0.44403125 0.08328846153846166 0.044343749999999994
1 0.36465384615384616 0.67428125 0.0595 0.03459374999999998
0 0.7831538461538462 0.88534375 0.24878846153846154 0.22928125000000002
0 0.37296153846153846 0.8036875 0.15907692307692312 0.2820937499999999
0 0.20884615384615385 0.47553124999999996 0.14336538461538464 0.2707812500000001
1 0.4381923076923077 0.7785624999999999 0.07132692307692313 0.04993750000000006
1 0.19873076923076924 0.34721875 0.05203846153846154 0.027187499999999965
0 0.4408653846153846 0.878125 0.20865384615384616 0.24375
0 0.21009615384615385 0.74765625 0.14711538461538462 0.2671875
1 0.20288461538461539 0.62265625 0.04230769230769231 0.0359375
1 0.19278846153846155 0.059375 0.04519230769230769 0.03125