0 0.9123823529411764 0.6435099337748345 0.1730882352941177 0.46326710816777045
0 0.6781176470588235 0.6417439293598234 0.28992647058823534 0.4721633554083885
0 0.2586764705882353 0.3217880794701987 0.5173529411764706 0.11604856512141279
0 0.2606764705882353 0.528543046357616 0.5213529411764706 0.2384547461368653
0 0.26038235294117645 0.7601103752759382 0.52075 0.19267108167770414
0 0.7609852941176471 0.3216114790286976 0.4667058823529413 0.11626931567328921
1 0.2225735294117647 0.7094701986754967 0.09664705882352939 0.05620309050772635
1 0.20523529411764707 0.4536644591611479 0.1023529411764706 0.05759381898454741
1 0.8128823529411765 0.5005298013245033 0.04316176470588222 0.1420971302428256
1 0.19695588235294118 0.31964679911699784 0.1015735294117647 0.06183222958057393
1 0.8485 0.32233995584988967 0.1026764705882352 0.05810154525386312
1 0.8536617647058824 0.4963796909492274 0.04726470588235309 0.14470198675496684