0 0.35348484848484846 0.5121120689655172 0.2044444444444444 0.4648922413793104
0 0.6106060606060606 0.6032327586206896 0.24083333333333334 0.5164870689655172
0 0.1543560606060606 0.43624999999999997 0.17161616161616156 0.4373275862068966
0 0.8420075757575758 0.6126508620689655 0.15253787878787872 0.736853448275862
1 0.4354545454545454 0.39375 0.0353409090909091 0.12601293103448283
1 0.5079545454545454 0.41642241379310346 0.0364267676767677 0.12937500000000007
0 0.6115656565656565 0.23564655172413793 0.22367424242424247 0.13609913793103445
1 0.21513888888888888 0.3242241379310345 0.034053030303030335 0.11482758620689652
0 0.1546590909090909 0.11991379310344828 0.16104797979797977 0.1252155172413793
0 0.3604924242424242 0.1660344827586207 0.18364898989898992 0.12377155172413795
1 0.6068813131313131 0.23239224137931033 0.0655555555555555 0.06025862068965519
1 0.1509722222222222 0.12295258620689654 0.0483080808080808 0.054676724137931045
1 0.8781186868686869 0.3432112068965517 0.03805555555555568 0.13928879310344827
1 0.3571212121212121 0.16991379310344829 0.05530303030303024 0.061250000000000034
0 0.9605176767676767 0.6260991379310344 0.06666666666666661 0.5297413793103448
1 0.9816919191919192 0.9709051724137931 0.036616161616161616 0.05387931034482758
0 0.9652777777777778 0.9676724137931034 0.06944444444444445 0.06465517241379311
1 0.9840151515151515 0.40099137931034484 0.031957070707070635 0.07133620689655178