0 0.5937086092715231 0.4933333333333333 0.28370860927152314 0.17853002070393373
0 0.5993377483443708 0.12279503105590063 0.28245033112582785 0.17935817805383023
0 0.5940618101545254 0.6778053830227743 0.27931567328918316 0.17954451345755698
0 0.596710816777042 0.30865424430641825 0.2822516556291391 0.17979296066252587
0 0.5928918322295805 0.869751552795031 0.2797350993377484 0.19155279503105585
1 0.591280353200883 0.35919254658385097 0.1864900662251656 0.0336853002070393
1 0.5873289183222958 0.9081573498964803 0.18671081677704196 0.045072463768115904
1 0.5874172185430464 0.7261490683229814 0.18653421633554085 0.03488612836438928
1 0.5876379690949227 0.5446583850931677 0.18116997792494485 0.031076604554865404
1 0.5953421633554083 0.1765631469979296 0.18772626931567327 0.03509316770186333
0 0.29013245033112584 0.23884057971014494 0.3058940397350993 0.4126086956521739
0 0.2861810154525386 0.7704761904761904 0.3200883002207506 0.40225672877846785
0 0.8624944812362031 0.23587991718426501 0.2617439293598235 0.388944099378882
0 0.8569757174392936 0.7372049689440994 0.25701986754966877 0.388944099378882
0 0.8593598233995585 0.48728778467908906 0.2617439293598235 0.11091097308488618
0 0.2885430463576159 0.5042857142857142 0.3122075055187638 0.12126293995859218
1 0.4202207505518764 0.4983643892339545 0.02995584988962471 0.032525879917184225
1 0.749757174392936 0.4895031055900621 0.036269315673289074 0.032525879917184225