0 0.2878769230769231 0.4919411764705882 0.2881846153846153 0.7431058823529413
1 0.6201538461538462 0.4274470588235294 0.040723076923076966 0.04263529411764707
0 0.6292307692307693 0.8107411764705882 0.2750153846153846 0.10151764705882349
0 0.6300307692307692 0.6819764705882352 0.2658 0.0975882352941177
0 0.6292307692307693 0.4264941176470588 0.275 0.10714117647058816
0 0.6296615384615384 0.5540117647058824 0.27384615384615385 0.10095294117647066
0 0.6273230769230769 0.3008352941176471 0.27153846153846156 0.0996470588235294
1 0.6170307692307693 0.1668 0.04119999999999996 0.04098823529411763
1 0.6204 0.8154705882352941 0.03390769230769225 0.04125882352941169
0 0.6171538461538462 0.16419999999999998 0.2645846153846154 0.09572941176470588
1 0.6195692307692308 0.2964352941176471 0.042369230769230715 0.040164705882352957
1 0.622 0.5541882352941176 0.03666153846153852 0.04225882352941172
1 0.6213076923076923 0.6829294117647059 0.03618461538461536 0.04196470588235303
1 0.41635384615384613 0.3816235294117647 0.04423076923076923 0.12205882352941176