0 0.2830503144654088 0.7306459330143541 0.36279874213836477 0.10107655502392345
0 0.6785220125786164 0.6156698564593301 0.36128930817610067 0.10564593301435399
0 0.28185534591194966 0.8581818181818183 0.3672327044025157 0.10167464114832536
0 0.2831761006289308 0.6131100478468899 0.36490566037735844 0.10318181818181817
0 0.6672327044025157 0.8622727272727273 0.3650943396226416 0.10279904306220103
1 0.6709433962264152 0.8586842105263158 0.039213836477987506 0.03956937799043053
1 0.6742767295597484 0.6196411483253589 0.03776729559748425 0.038803827751196236
1 0.2789622641509434 0.8560047846889952 0.03682389937106921 0.03940191387559815
1 0.6735534591194968 0.7385167464114832 0.03437106918238996 0.03971291866028714
0 0.6704088050314465 0.7340430622009569 0.36518867924528303 0.10277511961722496
1 0.2831761006289308 0.7374401913875598 0.035408805031446514 0.03983253588516741
1 0.2842767295597484 0.6177272727272727 0.03742138364779876 0.040956937799043074