0 0.30763478260869564 0.7465439093484418 0.5764695652173913 0.3011614730878186
0 0.7840695652173914 0.556657223796034 0.34742608695652183 0.22141643059490076
0 0.7700521739130435 0.7803399433427761 0.31300869565217393 0.17949008498583574
1 0.21426086956521742 0.8639093484419262 0.1089217391304348 0.10660056657223795
1 0.8574782608695652 0.748441926345609 0.0637739130434782 0.08019830028328605
0 0.3176 0.9431161473087819 0.5060347826086957 0.10934844192634567
1 0.6900695652173914 0.8341359773371104 0.07267826086956515 0.078101983002833
1 0.4765217391304348 0.9603399433427762 0.07304347826086957 0.07932011331444759
1 0.9024347826086956 0.5238243626062323 0.0689565217391305 0.07818696883852698
1 0.7155304347826087 0.6075070821529744 0.07728695652173903 0.08532577903682721
1 0.4788 0.7320679886685553 0.08713043478260873 0.09456090651558072