0 0.62371 0.583929203539823 0.23742000000000002 0.5201946902654867
0 0.38783999999999996 0.5783362831858407 0.23563 0.5207964601769911
0 0.16113 0.5771504424778761 0.23305999999999996 0.5082654867256636
0 0.27082999999999996 0.23495575221238937 0.46255000000000007 0.17191150442477876
0 0.73385 0.23640707964601768 0.46379 0.17130973451327436
0 0.8559500000000001 0.5812035398230089 0.23090000000000008 0.5178407079646017
1 0.73883 0.23277876106194692 0.12992000000000006 0.06051327433628318
1 0.27093 0.22707964601769914 0.12411000000000001 0.04969911504424776
1 0.85639 0.42759292035398233 0.12223000000000002 0.04969911504424776
1 0.15161000000000002 0.4207964601769911 0.12438999999999999 0.048495575221238894
1 0.62087 0.42214159292035397 0.12366000000000008 0.04828318584070792
1 0.39125 0.42182300884955753 0.11916999999999996 0.058991150442477845