1 0.4091796875 0.76953125 0.0185546875 0.055989583333333336
1 0.4951171875 0.6790364583333334 0.0576171875 0.046875
1 0.48876953125 0.78515625 0.044921875 0.040364583333333336
1 0.4912109375 0.8782552083333334 0.0556640625 0.057291666666666664
1 0.2158203125 0.8671875 0.05078125 0.026041666666666668
1 0.4208984375 0.9095052083333334 0.0234375 0.049479166666666664
0 0.3515625 0.69921875 0.1279296875 0.32421875
0 0.4990234375 0.6712239583333334 0.1455078125 0.09895833333333333
0 0.498046875 0.775390625 0.13671875 0.09635416666666667
0 0.4990234375 0.8665364583333334 0.1337890625 0.10026041666666667
0 0.1533203125 0.9212239583333334 0.216796875 0.06770833333333333
0 0.6982421875 0.8997395833333334 0.1806640625 0.15885416666666666
1 0.49853515625 0.02734375 0.0283203125 0.05078125
0 0.4345703125 0.103515625 0.146484375 0.1953125