1 0.21923828125 0.08954248366013072 0.056640625 0.14901960784313725
1 0.3388671875 0.13725490196078433 0.0693359375 0.15816993464052287
1 0.4267578125 0.17320261437908496 0.0537109375 0.12679738562091503
1 0.22265625 0.7398692810457517 0.0361328125 0.09542483660130718
1 0.1396484375 0.7405228758169935 0.0341796875 0.0915032679738562
1 0.04296875 0.730718954248366 0.041015625 0.1084967320261438
1 0.734375 0.5575163398692811 0.0263671875 0.1738562091503268
1 0.6962890625 0.7215686274509804 0.0400390625 0.06274509803921569
1 0.72998046875 0.7294117647058823 0.02734375 0.06405228758169934
1 0.75537109375 0.7254901960784313 0.0283203125 0.07058823529411765
1 0.9169921875 0.3934640522875817 0.0302734375 0.10196078431372549
1 0.94873046875 0.4 0.0380859375 0.10065359477124183
1 0.9814453125 0.42483660130718953 0.033203125 0.10065359477124183