1 0.3134765625 0.9831625183016105 0.021484375 0.03367496339677892
1 0.3427734375 0.9699853587115667 0.015625 0.03513909224011713
1 0.5673828125 0.8045387994143485 0.0146484375 0.03513909224011713
1 0.58056640625 0.7884333821376281 0.0126953125 0.02342606149341142
1 0.47900390625 0.801610541727672 0.03125 0.021961932650073207
1 0.47705078125 0.9392386530014641 0.03515625 0.02635431918008785
0 0.24951171875 0.9428989751098097 0.134765625 0.11420204978038068
0 0.3701171875 0.9011713030746705 0.091796875 0.19765739385065886
0 0.47265625 0.7928257686676428 0.060546875 0.08052708638360176
0 0.4765625 0.9267935578330894 0.0673828125 0.07320644216691069
0 0.5419921875 0.8125915080527086 0.0478515625 0.2005856515373353
0 0.58984375 0.7759882869692533 0.044921875 0.1683748169838946
0 0.6279296875 0.9143484626647145 0.017578125 0.08784773060029283
0 0.62451171875 0.753294289897511 0.0244140625 0.17130307467057102
0 0.55419921875 0.9773060029282576 0.072265625 0.0424597364568082
1 0.564453125 0.9699853587115667 0.025390625 0.02342606149341142