1 0.3857421875 0.431640625 0.017578125 0.07161458333333333
1 0.6376953125 0.4759114583333333 0.017578125 0.1484375
1 0.6328125 0.6165364583333334 0.0185546875 0.10546875
0 0.1708984375 0.3046875 0.0908203125 0.37890625
0 0.2568359375 0.3216145833333333 0.064453125 0.3567708333333333
0 0.31689453125 0.2630208333333333 0.041015625 0.17057291666666666
0 0.3642578125 0.2688802083333333 0.0380859375 0.16015625
0 0.50244140625 0.3404947916666667 0.080078125 0.24739583333333334
0 0.5869140625 0.349609375 0.078125 0.24348958333333334
0 0.68408203125 0.28515625 0.07421875 0.11848958333333333
0 0.7724609375 0.2877604166666667 0.0712890625 0.14192708333333334