1 0.1796875 0.7717013888888888 0.1220703125 0.015625
1 0.18603515625 0.8489583333333334 0.1044921875 0.052083333333333336
0 0.8251953125 0.7447916666666666 0.033203125 0.1579861111111111
0 0.8525390625 0.7022569444444444 0.017578125 0.15625
0 0.83984375 0.5607638888888888 0.0546875 0.04861111111111111
0 0.8857421875 0.5347222222222222 0.0224609375 0.06597222222222222
0 0.880859375 0.6458333333333334 0.02734375 0.10069444444444445
1 0.3857421875 0.7864583333333334 0.048828125 0.041666666666666664
1 0.38525390625 0.8524305555555556 0.0234375 0.036458333333333336
1 0.38525390625 0.9201388888888888 0.029296875 0.03819444444444445
0 0.38916015625 0.7838541666666666 0.0595703125 0.04861111111111111
0 0.3896484375 0.859375 0.0615234375 0.04513888888888889
0 0.38427734375 0.921875 0.0625 0.057291666666666664
0 0.4638671875 0.7378472222222222 0.091796875 0.043402777777777776
0 0.53759765625 0.6996527777777778 0.056640625 0.034722222222222224
0 0.53369140625 0.7630208333333334 0.03125 0.057291666666666664