1 0.048828125 0.47291361639824303 0.052734375 0.2591508052708638
1 0.0576171875 0.7496339677891655 0.0458984375 0.26207906295754024
1 0.42138671875 0.363103953147877 0.017578125 0.032210834553440704
1 0.45361328125 0.3601756954612006 0.0244140625 0.03806734992679356
1 0.29833984375 0.35724743777452417 0.0205078125 0.024890190336749635
1 0.0625 0.23206442166910687 0.029296875 0.03953147877013177
1 0.0869140625 0.24963396778916544 0.0244140625 0.020497803806734993
1 0.42138671875 0.12664714494875548 0.013671875 0.01903367496339678
1 0.4541015625 0.12445095168374817 0.0126953125 0.03513909224011713
1 0.2939453125 0.12225475841874085 0.017578125 0.03074670571010249
1 0.6396484375 0.1273792093704246 0.0185546875 0.02342606149341142
1 0.6650390625 0.12079062957540264 0.0166015625 0.021961932650073207
1 0.63818359375 0.35651537335285505 0.013671875 0.02342606149341142
1 0.66259765625 0.3579795021961933 0.0205078125 0.03806734992679356
1 0.779296875 0.2745241581259151 0.01171875 0.02342606149341142
1 0.79833984375 0.2642752562225476 0.0185546875 0.032210834553440704
1 0.6298828125 0.7115666178623719 0.0859375 0.02342606149341142
1 0.62353515625 0.9136163982430454 0.0908203125 0.040995607613469986
1 0.7626953125 0.6991215226939971 0.1689453125 0.02342606149341142
1 0.75830078125 0.9136163982430454 0.1650390625 0.024890190336749635
0 0.4326171875 0.8931185944363104 0.083984375 0.20497803806734993
0 0.52734375 0.8953147877013177 0.0830078125 0.20937042459736457
0 0.08056640625 0.14275256222547583 0.1591796875 0.2752562225475842
0 0.2470703125 0.09809663250366032 0.1171875 0.10102489019033675
0 0.248046875 0.32210834553440704 0.119140625 0.31332357247437775
0 0.3701171875 0.33162518301610544 0.123046875 0.32503660322108346
0 0.369140625 0.08125915080527087 0.1162109375 0.12298682284040996
0 0.50048828125 0.07686676427525622 0.1240234375 0.12152269399707175
0 0.5029296875 0.3294289897510981 0.115234375 0.3308931185944363
0 0.60986328125 0.08857979502196194 0.0771484375 0.1171303074670571
0 0.69677734375 0.08272327964860908 0.09375 0.10102489019033675
0 0.69677734375 0.27232796486090777 0.0830078125 0.21669106881405564
0 0.61181640625 0.2664714494875549 0.0732421875 0.21376281112737922
0 0.7685546875 0.1478770131771596 0.044921875 0.2708638360175695
0 0.8349609375 0.13250366032210834 0.0615234375 0.24011713030746706
0 0.2626953125 0.8499267935578331 0.080078125 0.2108345534407028
0 0.3486328125 0.8448023426061494 0.0693359375 0.2020497803806735
0 0.30029296875 0.6998535871156661 0.150390625 0.0527086383601757