1 0.216796875 0.43522561863173215 0.03515625 0.18777292576419213
1 0.2265625 0.6375545851528385 0.041015625 0.20232896652110627
1 0.5625 0.5815138282387191 0.0703125 0.03202328966521106
0 0.27197265625 0.636098981077147 0.0546875 0.046579330422125184
0 0.2705078125 0.6972343522561864 0.052734375 0.046579330422125184
0 0.2724609375 0.764919941775837 0.0634765625 0.050946142649199416
0 0.2705078125 0.8384279475982532 0.064453125 0.07132459970887918
0 0.17529296875 0.16957787481804948 0.099609375 0.20232896652110627
0 0.28125 0.2314410480349345 0.0888671875 0.25181950509461426
0 0.3544921875 0.24890829694323144 0.0498046875 0.22270742358078602
0 0.478515625 0.259825327510917 0.0869140625 0.18922852983988356
0 0.68994140625 0.49272197962154296 0.109375 0.38573508005822416