1 0.1474609375 0.21744791666666666 0.0791015625 0.0546875
1 0.142578125 0.4375 0.068359375 0.055989583333333336
1 0.14404296875 0.6640625 0.0712890625 0.044270833333333336
1 0.37890625 0.4420572916666667 0.0673828125 0.040364583333333336
1 0.388671875 0.22721354166666666 0.060546875 0.04296875
0 0.14306640625 0.1875 0.220703125 0.21354166666666666
0 0.1455078125 0.4166666666666667 0.2216796875 0.203125
0 0.142578125 0.619140625 0.212890625 0.18359375
0 0.3798828125 0.41015625 0.201171875 0.19921875
0 0.3935546875 0.19791666666666666 0.208984375 0.19270833333333334
1 0.5849609375 0.2799479166666667 0.0478515625 0.04296875