1 0.2705078125 0.4290364583333333 0.060546875 0.02734375
1 0.103515625 0.4270833333333333 0.05078125 0.0234375
1 0.0947265625 0.529296875 0.0478515625 0.036458333333333336
1 0.25927734375 0.533203125 0.0595703125 0.029947916666666668
1 0.09326171875 0.634765625 0.0478515625 0.02734375
1 0.26513671875 0.6373697916666666 0.0615234375 0.041666666666666664
1 0.2626953125 0.73828125 0.0517578125 0.032552083333333336
1 0.2646484375 0.841796875 0.0537109375 0.036458333333333336
1 0.26123046875 0.9388020833333334 0.060546875 0.041666666666666664
1 0.0908203125 0.9290364583333334 0.056640625 0.029947916666666668
1 0.09326171875 0.8326822916666666 0.060546875 0.040364583333333336
1 0.09326171875 0.7278645833333334 0.0537109375 0.033854166666666664
0 0.18603515625 0.4290364583333333 0.255859375 0.078125
0 0.1767578125 0.533203125 0.267578125 0.07552083333333333
0 0.1806640625 0.6354166666666666 0.259765625 0.08203125
0 0.1865234375 0.7298177083333334 0.267578125 0.08723958333333333
0 0.18212890625 0.8287760416666666 0.265625 0.09244791666666667
0 0.1845703125 0.931640625 0.259765625 0.09505208333333333