1 0.13232421875 0.49267935578330896 0.1162109375 0.03806734992679356
1 0.2470703125 0.4912152269399707 0.083984375 0.029282576866764276
1 0.04736328125 0.44875549048316254 0.013671875 0.06442166910688141
0 0.03125 0.43265007320644217 0.056640625 0.5812591508052709
0 0.38330078125 0.5951683748169839 0.0478515625 0.10688140556368961
0 0.4375 0.39092240117130306 0.0185546875 0.09370424597364568
0 0.45703125 0.3850658857979502 0.0185546875 0.1054172767203514
0 0.47509765625 0.404099560761347 0.0185546875 0.09224011713030747
0 0.53076171875 0.41874084919472915 0.0166015625 0.07906295754026355
0 0.54345703125 0.424597364568082 0.017578125 0.07027818448023426
0 0.5576171875 0.4253294289897511 0.013671875 0.07320644216691069