1 0.46754563894523327 0.47412109375 0.09127789046653144 0.0234375
1 0.45993914807302233 0.39306640625 0.08823529411764706 0.02734375
1 0.4670385395537525 0.30078125 0.08012170385395538 0.0234375
1 0.829107505070994 0.3037109375 0.07099391480730223 0.0263671875
1 0.8255578093306288 0.3681640625 0.055780933062880324 0.0224609375
1 0.8194726166328601 0.42919921875 0.04969574036511156 0.0361328125
0 0.46095334685598377 0.33349609375 0.18559837728194725 0.0751953125
0 0.4614604462474645 0.41796875 0.18052738336713997 0.0693359375
0 0.46399594320486814 0.49462890625 0.17647058823529413 0.0634765625
0 0.8204868154158215 0.322265625 0.1075050709939148 0.0498046875
0 0.8204868154158215 0.39306640625 0.10243407707910751 0.0390625
0 0.8128803245436106 0.458984375 0.0973630831643002 0.0517578125