1 0.4873046875 0.7779947916666666 0.0146484375 0.0390625
1 0.48046875 0.7779947916666666 0.0126953125 0.044270833333333336
1 0.6103515625 0.7578125 0.0400390625 0.026041666666666668
1 0.61767578125 0.8313802083333334 0.04296875 0.037760416666666664
1 0.61474609375 0.9069010416666666 0.048828125 0.0390625
1 0.41015625 0.7408854166666666 0.017578125 0.03515625
0 0.3974609375 0.68359375 0.0341796875 0.046875
0 0.39892578125 0.80078125 0.033203125 0.16015625
0 0.4931640625 0.7180989583333334 0.1357421875 0.061197916666666664
0 0.45849609375 0.84375 0.060546875 0.1875
0 0.53173828125 0.8834635416666666 0.07421875 0.21614583333333334
0 0.61572265625 0.9674479166666666 0.056640625 0.06510416666666667
0 0.6162109375 0.904296875 0.060546875 0.055989583333333336
0 0.61669921875 0.8346354166666666 0.05859375 0.06901041666666667
0 0.6181640625 0.7623697916666666 0.0556640625 0.05859375
0 0.2998046875 0.7102864583333334 0.078125 0.14322916666666666
0 0.30908203125 0.6236979166666666 0.064453125 0.046875
0 0.19921875 0.6321614583333334 0.111328125 0.029947916666666668
0 0.18310546875 0.6790364583333334 0.0380859375 0.036458333333333336
0 0.2275390625 0.7018229166666666 0.056640625 0.09635416666666667
1 0.82080078125 0.6373697916666666 0.013671875 0.033854166666666664
1 0.80859375 0.6354166666666666 0.017578125 0.037760416666666664
0 0.8505859375 0.6829427083333334 0.056640625 0.14322916666666666
0 0.86083984375 0.2688802083333333 0.060546875 0.12890625
0 0.8076171875 0.279296875 0.0556640625 0.1171875
0 0.7353515625 0.30078125 0.0478515625 0.140625
0 0.68212890625 0.310546875 0.048828125 0.14583333333333334
0 0.40185546875 0.2740885416666667 0.06640625 0.1484375
0 0.47021484375 0.2838541666666667 0.060546875 0.14583333333333334
0 0.27197265625 0.3307291666666667 0.0517578125 0.23828125
0 0.21630859375 0.3346354166666667 0.056640625 0.2721354166666667
1 0.4326171875 0.5032552083333334 0.029296875 0.20442708333333334
1 0.45166015625 0.513671875 0.0263671875 0.18619791666666666
1 0.6162109375 0.5455729166666666 0.017578125 0.01953125