1 0.53271484375 0.46486090775988287 0.0234375 0.15666178623718888
1 0.5322265625 0.6171303074670571 0.0205078125 0.14055636896046853
1 0.46142578125 0.6632503660322109 0.013671875 0.02635431918008785
1 0.43896484375 0.7379209370424598 0.017578125 0.029282576866764276
1 0.423828125 0.7562225475841874 0.013671875 0.02635431918008785
1 0.4013671875 0.698389458272328 0.0146484375 0.03953147877013177
1 0.0810546875 0.8411420204978038 0.025390625 0.03806734992679356
1 0.35302734375 0.4062957540263543 0.0126953125 0.040995607613469986
1 0.37548828125 0.4136163982430454 0.0166015625 0.03953147877013177
1 0.18212890625 0.16325036603221083 0.0126953125 0.029282576866764276
1 0.20751953125 0.17569546120058566 0.017578125 0.02635431918008785
1 0.2607421875 0.34553440702781846 0.041015625 0.16105417276720352
0 0.03564453125 0.23938506588579794 0.0615234375 0.404099560761347
0 0.07080078125 0.835285505124451 0.12890625 0.08784773060029283
0 0.41259765625 0.8330893118594437 0.025390625 0.17715959004392387
0 0.40869140625 0.6903367496339677 0.033203125 0.06442166910688141
0 0.4580078125 0.6698389458272328 0.060546875 0.06588579795021962
0 0.45654296875 0.7906295754026355 0.052734375 0.17862371888726208
0 0.44677734375 0.20644216691068815 0.0439453125 0.17130307467057102
0 0.490234375 0.22913616398243045 0.033203125 0.1493411420204978
0 0.39111328125 0.24743777452415813 0.044921875 0.32503660322108346
0 0.3212890625 0.2240117130307467 0.072265625 0.3821376281112738
0 0.23779296875 0.11346998535871157 0.060546875 0.20644216691068815
0 0.1435546875 0.10468521229868229 0.083984375 0.18740849194729137