1 0.32177734375 0.4560761346998536 0.025390625 0.10688140556368961
1 0.31005859375 0.33455344070278187 0.0263671875 0.12005856515373353
1 0.8544921875 0.7774524158125915 0.064453125 0.055636896046852125
1 0.84130859375 0.8579795021961932 0.0576171875 0.06734992679355783
1 0.8310546875 0.9480234260614934 0.056640625 0.07320644216691069
1 0.2392578125 0.23060029282576866 0.013671875 0.027818448023426062
1 0.2509765625 0.22986822840409957 0.0078125 0.029282576866764276
1 0.7294921875 0.1581259150805271 0.0166015625 0.06734992679355783
1 0.7451171875 0.15739385065885797 0.0166015625 0.0629575402635432
1 0.603515625 0.31771595900439237 0.0087890625 0.040995607613469986
1 0.61083984375 0.3162518301610542 0.0107421875 0.0424597364568082
0 0.2080078125 0.21595900439238652 0.06640625 0.08199121522693997
0 0.28125 0.2130307467057101 0.068359375 0.08784773060029283
0 0.34130859375 0.26281112737920936 0.0654296875 0.16398243045387995
0 0.39697265625 0.2635431918008785 0.0595703125 0.1493411420204978
0 0.451171875 0.27159590043923865 0.052734375 0.14348462664714495
0 0.3642578125 0.5204978038067349 0.0498046875 0.12152269399707175
0 0.41162109375 0.5248901903367497 0.052734375 0.12152269399707175
0 0.703125 0.1390922401171303 0.0625 0.16398243045387995
0 0.80810546875 0.11200585651537336 0.1005859375 0.17423133235724744
0 0.6318359375 0.2342606149341142 0.0361328125 0.24597364568081992
0 0.5947265625 0.23718887262079064 0.0380859375 0.2225475841874085
0 0.556640625 0.22913616398243045 0.03515625 0.13323572474377746
0 0.5234375 0.24084919472913616 0.0341796875 0.10980966325036604
0 0.48779296875 0.5314787701317716 0.01953125 0.13177159590043924
0 0.46875 0.5117130307467057 0.0234375 0.12298682284040996
1 0.85888671875 0.308199121522694 0.013671875 0.07759882869692533
0 0.943359375 0.20644216691068815 0.11328125 0.3601756954612006