1 0.69921875 0.2526041666666667 0.0341796875 0.17838541666666666
1 0.6962890625 0.412109375 0.029296875 0.14583333333333334
0 0.57177734375 0.34765625 0.064453125 0.53515625
0 0.63232421875 0.384765625 0.033203125 0.6549479166666666
0 0.81591796875 0.6490885416666666 0.0400390625 0.08463541666666667
0 0.822265625 0.58203125 0.04296875 0.06901041666666667
0 0.27734375 0.12825520833333334 0.037109375 0.23697916666666666
0 0.3076171875 0.047526041666666664 0.0234375 0.07161458333333333
0 0.33203125 0.0625 0.0234375 0.08333333333333333
1 0.8212890625 0.55859375 0.0478515625 0.041666666666666664
1 0.8798828125 0.6100260416666666 0.0546875 0.049479166666666664
1 0.94970703125 0.6666666666666666 0.080078125 0.055989583333333336
1 0.60693359375 0.3515625 0.0185546875 0.036458333333333336