1 0.65673828125 0.5578330893118595 0.0146484375 0.17423133235724744
1 0.65087890625 0.3850658857979502 0.03125 0.12445095168374817
1 0.1591796875 0.7115666178623719 0.033203125 0.020497803806734993
1 0.48828125 0.6346998535871157 0.0205078125 0.024890190336749635
1 0.5908203125 0.6281112737920937 0.021484375 0.020497803806734993
1 0.0615234375 0.6595900439238653 0.021484375 0.021961932650073207
1 0.29931640625 0.9070278184480234 0.0205078125 0.03367496339677892
1 0.2958984375 0.7430453879941434 0.021484375 0.021961932650073207
0 0.30078125 0.7767203513909224 0.0986328125 0.10980966325036604
0 0.3056640625 0.9472913616398243 0.099609375 0.09956076134699854
0 0.1640625 0.8777452415812591 0.1015625 0.2445095168374817
0 0.1728515625 0.7042459736456809 0.0888671875 0.05856515373352855
0 0.06591796875 0.6588579795021962 0.08203125 0.06588579795021962
0 0.06640625 0.8367496339677891 0.0830078125 0.2840409956076135
0 0.04345703125 0.21522693997071743 0.0869140625 0.34699853587115664
0 0.15625 0.22986822840409957 0.115234375 0.3323572474377745
0 0.6162109375 0.18814055636896046 0.0576171875 0.11273792093704246
0 0.677734375 0.18814055636896046 0.0556640625 0.09809663250366032