1 0.52978515625 0.3916544655929722 0.005859375 0.05856515373352855
1 0.54296875 0.38726207906295756 0.0126953125 0.04685212298682284
1 0.10400390625 0.3828696925329429 0.013671875 0.05710102489019034
1 0.0869140625 0.3814055636896047 0.0146484375 0.04538799414348463
1 0.021484375 0.6149341142020498 0.04296875 0.4992679355783309
1 0.5849609375 0.7093704245973645 0.009765625 0.0527086383601757
1 0.59375 0.718887262079063 0.013671875 0.05124450951683748
1 0.4453125 0.6888726207906296 0.0126953125 0.0527086383601757
1 0.33544921875 0.7027818448023426 0.013671875 0.04978038067349927
1 0.31787109375 0.7049780380673499 0.017578125 0.0424597364568082
1 0.13671875 0.6610541727672035 0.0439453125 0.01903367496339678
1 0.1416015625 0.7254758418740849 0.041015625 0.02342606149341142
1 0.14013671875 0.8030746705710102 0.0478515625 0.027818448023426062
1 0.14306640625 0.8967789165446559 0.044921875 0.02342606149341142
1 0.3046875 0.26939970717423134 0.0126953125 0.043923865300146414
1 0.322265625 0.2767203513909224 0.017578125 0.04685212298682284
0 0.1435546875 0.2679355783308931 0.09375 0.2884333821376281
0 0.2548828125 0.2130307467057101 0.111328125 0.1595900439238653
0 0.3642578125 0.2349926793557833 0.095703125 0.14494875549048317
0 0.482421875 0.2964860907759883 0.10546875 0.24890190336749635
0 0.5888671875 0.29941434846266474 0.09765625 0.24597364568081992
1 0.48583984375 0.6310395314787701 0.033203125 0.017569546120058566
0 0.4833984375 0.6273792093704246 0.0869140625 0.03513909224011713
0 0.4833984375 0.7510980966325037 0.083984375 0.17276720351390923
0 0.572265625 0.7730600292825769 0.0400390625 0.20644216691068815
0 0.61962890625 0.8162518301610542 0.052734375 0.2547584187408492
0 0.375 0.7723279648609077 0.080078125 0.19765739385065886
0 0.27587890625 0.7869692532942899 0.095703125 0.19326500732064422
0 0.14501953125 0.6625183016105417 0.1083984375 0.03953147877013177
0 0.14013671875 0.7203513909224012 0.1103515625 0.04538799414348463
0 0.14697265625 0.8038067349926794 0.115234375 0.07320644216691069
0 0.14453125 0.8960468521229868 0.115234375 0.06149341142020498