1 0.490234375 0.4765625 0.044270833333333336 0.0361328125
1 0.7317708333333334 0.708984375 0.032552083333333336 0.0400390625
1 0.7317708333333334 0.77587890625 0.03515625 0.0458984375
1 0.7337239583333334 0.83935546875 0.033854166666666664 0.048828125
1 0.3313802083333333 0.54736328125 0.22916666666666666 0.01953125
1 0.3385416666666667 0.59228515625 0.22526041666666666 0.009765625
1 0.3489583333333333 0.64453125 0.21875 0.013671875
0 0.7337239583333334 0.70556640625 0.07942708333333333 0.052734375
0 0.7376302083333334 0.77685546875 0.08463541666666667 0.0595703125
0 0.7428385416666666 0.8505859375 0.08333333333333333 0.0654296875
0 0.3287760416666667 0.541015625 0.21614583333333334 0.0400390625
0 0.3333333333333333 0.58544921875 0.22135416666666666 0.0400390625
0 0.3385416666666667 0.634765625 0.21484375 0.0361328125
0 0.3463541666666667 0.68212890625 0.20963541666666666 0.0361328125