1 0.7802734375 0.8528645833333334 0.017578125 0.044270833333333336
1 0.869140625 0.9869791666666666 0.029296875 0.026041666666666668
1 0.76220703125 0.486328125 0.017578125 0.053385416666666664
1 0.75390625 0.4850260416666667 0.017578125 0.053385416666666664
0 0.7841796875 0.4166666666666667 0.044921875 0.24479166666666666
0 0.7451171875 0.4095052083333333 0.0283203125 0.20572916666666666
1 0.77587890625 0.23763020833333334 0.013671875 0.033854166666666664
1 0.79052734375 0.23958333333333334 0.017578125 0.028645833333333332
1 0.8408203125 0.3958333333333333 0.0126953125 0.029947916666666668
0 0.7705078125 0.21419270833333334 0.0283203125 0.11067708333333333
0 0.80712890625 0.20377604166666666 0.041015625 0.10677083333333333
0 0.86865234375 0.2942708333333333 0.056640625 0.30859375
0 0.7607421875 0.9049479166666666 0.048828125 0.19010416666666666
0 0.8369140625 0.9329427083333334 0.0693359375 0.13411458333333334