1 0.8439306358381503 0.4931640625 0.023121387283236993 0.02734375
1 0.934971098265896 0.49560546875 0.02167630057803468 0.02734375
1 0.9320809248554913 0.4306640625 0.024566473988439308 0.025390625
1 0.9299132947976878 0.54443359375 0.02167630057803468 0.025390625
1 0.9313583815028902 0.5966796875 0.02601156069364162 0.04296875
1 0.9299132947976878 0.65673828125 0.02023121387283237 0.0224609375
1 0.8446531791907514 0.634765625 0.014450867052023121 0.0224609375
1 0.8453757225433526 0.58544921875 0.011560693641618497 0.0263671875
1 0.8424855491329479 0.533203125 0.02023121387283237 0.0224609375
1 0.8439306358381503 0.44091796875 0.01878612716763006 0.0205078125
0 0.8995664739884393 0.44580078125 0.12427745664739884 0.025390625
0 0.8995664739884393 0.48828125 0.12572254335260116 0.03515625
0 0.8995664739884393 0.5361328125 0.13005780346820808 0.0498046875
0 0.8966763005780347 0.58544921875 0.1315028901734104 0.056640625
0 0.9017341040462428 0.64599609375 0.1315028901734104 0.0556640625