1 0.86767578125 0.6644927536231884 0.0400390625 0.028985507246376812
1 0.87255859375 0.758695652173913 0.0390625 0.02318840579710145
1 0.87890625 0.8579710144927536 0.044921875 0.028985507246376812
1 0.69140625 0.8202898550724638 0.046875 0.034782608695652174
1 0.69140625 0.7369565217391304 0.041015625 0.02318840579710145
1 0.6923828125 0.6543478260869565 0.04296875 0.021739130434782608
1 0.8818359375 0.5420289855072464 0.0517578125 0.021739130434782608
0 0.89892578125 0.5463768115942029 0.1962890625 0.06811594202898551
0 0.8818359375 0.6630434782608695 0.189453125 0.07391304347826087
0 0.88916015625 0.7521739130434782 0.177734375 0.08260869565217391
0 0.89306640625 0.8463768115942029 0.173828125 0.09565217391304348
0 0.697265625 0.8108695652173913 0.126953125 0.07246376811594203
0 0.7021484375 0.7369565217391304 0.1318359375 0.07681159420289856
0 0.7021484375 0.6615942028985508 0.142578125 0.07391304347826087