1 0.45849609375 0.5696614583333334 0.03125 0.053385416666666664
1 0.5009765625 0.5735677083333334 0.025390625 0.046875
1 0.47705078125 0.4615885416666667 0.025390625 0.040364583333333336
1 0.08642578125 0.4583333333333333 0.0224609375 0.036458333333333336
1 0.076171875 0.5618489583333334 0.0224609375 0.040364583333333336
1 0.1162109375 0.5657552083333334 0.029296875 0.032552083333333336
0 0.0517578125 0.69921875 0.095703125 0.33203125
0 0.1962890625 0.7076822916666666 0.17578125 0.3177083333333333
0 0.130859375 0.4674479166666667 0.25390625 0.10677083333333333
0 0.48291015625 0.4537760416666667 0.361328125 0.10677083333333333
0 0.37939453125 0.7018229166666666 0.1708984375 0.3515625
0 0.568359375 0.7096354166666666 0.1494140625 0.3450520833333333