1 0.06652046783625731 0.84033203125 0.06432748538011696 0.044921875
1 0.0804093567251462 0.9375 0.06578947368421052 0.046875
1 0.23903508771929824 0.810546875 0.049707602339181284 0.037109375
1 0.23538011695906433 0.71826171875 0.04532163742690058 0.033203125
1 0.3230994152046784 0.57763671875 0.02046783625730994 0.01953125
1 0.3925438596491228 0.54248046875 0.02046783625730994 0.0234375
1 0.3676900584795322 0.6123046875 0.02046783625730994 0.02734375
1 0.29312865497076024 0.66943359375 0.02046783625730994 0.0361328125
0 0.07163742690058479 0.81787109375 0.12573099415204678 0.0498046875
0 0.0891812865497076 0.9189453125 0.12573099415204678 0.0654296875
0 0.22953216374269006 0.79736328125 0.0891812865497076 0.0498046875
0 0.22660818713450293 0.71533203125 0.0935672514619883 0.0390625
0 0.3172514619883041 0.673828125 0.038011695906432746 0.091796875
0 0.3260233918128655 0.5810546875 0.039473684210526314 0.037109375
0 0.47953216374269003 0.5673828125 0.08625730994152046 0.1123046875
0 0.5972222222222222 0.59033203125 0.08333333333333333 0.099609375
0 0.6593567251461988 0.5283203125 0.18567251461988304 0.0458984375
0 0.6980994152046783 0.5966796875 0.08771929824561403 0.095703125
0 0.6681286549707602 0.29248046875 0.07309941520467836 0.1982421875
0 0.5723684210526315 0.29150390625 0.07748538011695906 0.197265625
0 0.48099415204678364 0.2880859375 0.07602339181286549 0.1904296875
0 0.402046783625731 0.2841796875 0.07309941520467836 0.193359375
0 0.38742690058479534 0.54931640625 0.05701754385964912 0.0205078125
0 0.3823099415204678 0.62939453125 0.049707602339181284 0.0859375
0 0.9897660818713451 0.24365234375 0.02046783625730994 0.115234375
0 0.8326023391812866 0.5556640625 0.10964912280701754 0.0615234375