1 0.5380859375 0.6402349486049926 0.041015625 0.049926578560939794
1 0.67431640625 0.5741556534508077 0.0205078125 0.039647577092511016
1 0.85400390625 0.5389133627019089 0.0263671875 0.0381791483113069
1 0.8837890625 0.4302496328928047 0.025390625 0.03671071953010279
1 0.1943359375 0.7298091042584435 0.0322265625 0.04552129221732746
1 0.2138671875 0.8869309838472834 0.03125 0.04552129221732746
0 0.20703125 0.6908957415565345 0.3955078125 0.08223201174743025
0 0.21630859375 0.8700440528634361 0.3515625 0.04552129221732746
0 0.5908203125 0.5961820851688693 0.2578125 0.14537444933920704
0 0.8671875 0.4133627019089574 0.1591796875 0.06020558002936858
0 0.8427734375 0.5374449339207048 0.16015625 0.04405286343612335