1 0.77783203125 0.880859375 0.05078125 0.061197916666666664
1 0.7666015625 0.9772135416666666 0.0419921875 0.045572916666666664
1 0.890625 0.849609375 0.025390625 0.037760416666666664
1 0.90283203125 0.7766927083333334 0.025390625 0.033854166666666664
1 0.7822265625 0.7174479166666666 0.025390625 0.032552083333333336
1 0.7783203125 0.7845052083333334 0.021484375 0.036458333333333336
1 0.6884765625 0.7421875 0.021484375 0.037760416666666664
1 0.69287109375 0.677734375 0.025390625 0.036458333333333336
1 0.044921875 0.728515625 0.041015625 0.026041666666666668
1 0.1962890625 0.6829427083333334 0.033203125 0.020833333333333332
1 0.119140625 0.634765625 0.044921875 0.036458333333333336
1 0.0869140625 0.4127604166666667 0.0146484375 0.033854166666666664
1 0.11181640625 0.4095052083333333 0.0185546875 0.046875
1 0.6015625 0.451171875 0.0107421875 0.024739583333333332
1 0.6328125 0.45703125 0.017578125 0.02734375
1 0.63037109375 0.5162760416666666 0.015625 0.026041666666666668
1 0.6005859375 0.5123697916666666 0.021484375 0.02734375
1 0.59619140625 0.779296875 0.076171875 0.044270833333333336
1 0.5166015625 0.7278645833333334 0.056640625 0.0390625
1 0.54345703125 0.68359375 0.01953125 0.029947916666666668
1 0.5693359375 0.6979166666666666 0.021484375 0.0234375
0 0.5224609375 0.638671875 0.0517578125 0.13932291666666666
0 0.5966796875 0.69140625 0.072265625 0.1640625
0 0.5966796875 0.8274739583333334 0.0712890625 0.10546875
0 0.5263671875 0.783203125 0.076171875 0.09114583333333333
0 0.701171875 0.68359375 0.064453125 0.055989583333333336
0 0.69091796875 0.7421875 0.083984375 0.0625
0 0.78466796875 0.71484375 0.083984375 0.06510416666666667
0 0.7861328125 0.783203125 0.076171875 0.07161458333333333
0 0.9140625 0.7740885416666666 0.123046875 0.0703125
0 0.9189453125 0.8404947916666666 0.126953125 0.061197916666666664
0 0.8037109375 0.8639322916666666 0.26171875 0.09765625
0 0.77197265625 0.9466145833333334 0.193359375 0.06510416666666667
0 0.60302734375 0.4505208333333333 0.0283203125 0.048177083333333336
0 0.63232421875 0.458984375 0.033203125 0.0546875
0 0.60400390625 0.50390625 0.0263671875 0.044270833333333336
0 0.63525390625 0.5201822916666666 0.0341796875 0.057291666666666664
0 0.15625 0.4440104166666667 0.1064453125 0.23177083333333334
0 0.0517578125 0.4680989583333333 0.0908203125 0.25
0 0.138671875 0.623046875 0.177734375 0.0546875
0 0.123046875 0.7037760416666666 0.19921875 0.045572916666666664