1 0.341796875 0.56884765625 0.0712890625 0.0517578125
1 0.15234375 0.5703125 0.068359375 0.03515625
1 0.11181640625 0.89990234375 0.072265625 0.052734375
1 0.2255859375 0.9228515625 0.0751953125 0.037109375
1 0.30029296875 0.298828125 0.06640625 0.046875
1 0.96484375 0.5087890625 0.0703125 0.03515625
1 0.89453125 0.70849609375 0.171875 0.0498046875
0 0.681640625 0.09814453125 0.181640625 0.109375
0 0.94189453125 0.48876953125 0.1162109375 0.130859375
0 0.8583984375 0.69287109375 0.283203125 0.2275390625
0 0.6484375 0.8876953125 0.1357421875 0.099609375
0 0.8154296875 0.91259765625 0.166015625 0.10546875
0 0.95458984375 0.9287109375 0.0908203125 0.1123046875
0 0.1669921875 0.55908203125 0.1650390625 0.1513671875
0 0.34228515625 0.5693359375 0.1982421875 0.1669921875
0 0.298828125 0.2841796875 0.1318359375 0.1044921875
0 0.1162109375 0.87939453125 0.1171875 0.1357421875
0 0.22900390625 0.89990234375 0.126953125 0.1279296875