1 0.25634765625 0.611328125 0.0361328125 0.029947916666666668
1 0.25830078125 0.6881510416666666 0.0400390625 0.0234375
1 0.2587890625 0.7604166666666666 0.0419921875 0.0234375
1 0.4892578125 0.720703125 0.033203125 0.024739583333333332
1 0.48486328125 0.6451822916666666 0.025390625 0.03515625
1 0.4873046875 0.5826822916666666 0.033203125 0.0234375
1 0.37744140625 0.5950520833333334 0.0185546875 0.026041666666666668
1 0.376953125 0.6666666666666666 0.017578125 0.033854166666666664
1 0.3779296875 0.7389322916666666 0.0205078125 0.02734375
0 0.25439453125 0.6119791666666666 0.09765625 0.059895833333333336
0 0.3818359375 0.59375 0.1279296875 0.06510416666666667
0 0.48876953125 0.58203125 0.083984375 0.06380208333333333
0 0.4853515625 0.6484375 0.07421875 0.044270833333333336
0 0.49462890625 0.7122395833333334 0.0751953125 0.05859375
0 0.37890625 0.6686197916666666 0.1142578125 0.045572916666666664
0 0.3740234375 0.7415364583333334 0.1171875 0.046875
0 0.26416015625 0.681640625 0.091796875 0.046875
0 0.259765625 0.7584635416666666 0.08984375 0.06380208333333333