1 0.89990234375 0.4787077826725404 0.044921875 0.3788546255506608
1 0.939453125 0.46769456681350957 0.044921875 0.39500734214390604
1 0.0595703125 0.9016152716593245 0.0390625 0.05873715124816446
1 0.142578125 0.7665198237885462 0.021484375 0.03671071953010279
1 0.1787109375 0.7026431718061674 0.0224609375 0.030837004405286344
1 0.19873046875 0.6644640234948604 0.01171875 0.02936857562408223
1 0.2490234375 0.38619676945668135 0.0146484375 0.027900146842878122
1 0.28515625 0.3766519823788546 0.021484375 0.033773861967694566
1 0.63818359375 0.3788546255506608 0.0126953125 0.030837004405286344
1 0.6689453125 0.3751835535976505 0.01953125 0.01908957415565345
1 0.79248046875 0.1945668135095448 0.01171875 0.027900146842878122
1 0.8173828125 0.18208516886930984 0.015625 0.016152716593245228
1 0.6435546875 0.5844346549192364 0.0244140625 0.030837004405286344
1 0.60498046875 0.6681350954478708 0.01171875 0.01908957415565345
1 0.5107421875 0.6784140969162996 0.017578125 0.014684287812041116
1 0.47412109375 0.6850220264317181 0.0185546875 0.016152716593245228
1 0.1572265625 0.895741556534508 0.021484375 0.03671071953010279
1 0.1748046875 0.8634361233480177 0.021484375 0.02643171806167401
1 0.20849609375 0.7547723935389133 0.013671875 0.023494860499265784
1 0.21484375 0.7400881057268722 0.015625 0.0381791483113069
1 0.12646484375 0.34287812041116006 0.0126953125 0.024963289280469897
1 0.138671875 0.3568281938325991 0.009765625 0.01908957415565345
1 0.15966796875 0.37298091042584436 0.0087890625 0.020558002936857563
0 0.1142578125 0.2173274596182085 0.0341796875 0.30983847283406757
0 0.146484375 0.26945668135095446 0.02734375 0.27165932452276065
0 0.2158203125 0.29295154185022027 0.083984375 0.23348017621145375
0 0.310546875 0.29809104258443464 0.0791015625 0.2290748898678414
0 0.61181640625 0.3039647577092511 0.0732421875 0.24375917767988253
0 0.68701171875 0.2944199706314244 0.064453125 0.2143906020558003
0 0.7841796875 0.19383259911894274 0.0419921875 0.0513950073421439
0 0.73974609375 0.30176211453744495 0.0263671875 0.20704845814977973
1 0.8125 0.315712187958884 0.025390625 0.08223201174743025
0 0.818359375 0.18208516886930984 0.0244140625 0.06461086637298091
0 0.4462890625 0.737151248164464 0.0869140625 0.18208516886930984
0 0.53466796875 0.7254038179148311 0.07421875 0.16299559471365638
0 0.64453125 0.7063142437591777 0.111328125 0.1762114537444934
0 0.6474609375 0.5947136563876652 0.103515625 0.05286343612334802
0 0.06201171875 0.8737151248164464 0.08984375 0.07782672540381791
0 0.140625 0.7569750367107195 0.056640625 0.049926578560939794
0 0.1455078125 0.9243759177679882 0.037109375 0.1512481644640235
0 0.1728515625 0.6989720998531571 0.037109375 0.05286343612334802
0 0.1787109375 0.8619676945668135 0.037109375 0.15418502202643172
0 0.1982421875 0.6593245227606461 0.0283203125 0.04552129221732746
0 0.2041015625 0.8069016152716594 0.025390625 0.13069016152716592