1 0.6171875 0.7076822916666666 0.017578125 0.04296875
1 0.6396484375 0.6907552083333334 0.0234375 0.05078125
1 0.3662109375 0.822265625 0.021484375 0.06640625
1 0.1044921875 0.11588541666666667 0.0224609375 0.06770833333333333
1 0.50146484375 0.14192708333333334 0.0234375 0.06380208333333333
1 0.5947265625 0.14518229166666666 0.017578125 0.0625
0 0.4013671875 0.79296875 0.15625 0.2552083333333333
0 0.5654296875 0.7161458333333334 0.115234375 0.23177083333333334
0 0.68017578125 0.666015625 0.1025390625 0.19921875
0 0.6181640625 0.11458333333333333 0.064453125 0.19010416666666666
0 0.5283203125 0.107421875 0.095703125 0.21223958333333334
0 0.0615234375 0.125 0.1171875 0.18359375