1 0.7783203125 0.6360677083333334 0.009765625 0.2747395833333333
1 0.79541015625 0.63671875 0.015625 0.2591145833333333
1 0.0966796875 0.7975260416666666 0.01953125 0.024739583333333332
1 0.09814453125 0.888671875 0.025390625 0.02734375
0 0.1005859375 0.7942708333333334 0.0537109375 0.041666666666666664
0 0.10107421875 0.8912760416666666 0.0712890625 0.08203125
0 0.05810546875 0.3821614583333333 0.068359375 0.3138020833333333
0 0.13916015625 0.3997395833333333 0.064453125 0.296875
0 0.32373046875 0.427734375 0.0244140625 0.22265625
0 0.38671875 0.4283854166666667 0.0498046875 0.20442708333333334
0 0.4580078125 0.42578125 0.0556640625 0.1953125
0 0.5341796875 0.357421875 0.064453125 0.08203125
0 0.603515625 0.35546875 0.056640625 0.0859375
0 0.67236328125 0.42578125 0.041015625 0.20963541666666666
0 0.76318359375 0.3450520833333333 0.09375 0.10677083333333333
0 0.8662109375 0.3430989583333333 0.0966796875 0.10026041666666667
0 0.5498046875 0.7122395833333334 0.1572265625 0.033854166666666664
0 0.03125 0.9309895833333334 0.044921875 0.08723958333333333