1 0.443359375 0.6923641703377387 0.138671875 0.0631424375917768
1 0.4501953125 0.45594713656387664 0.1435546875 0.04552129221732746
1 0.1220703125 0.4720998531571219 0.0322265625 0.21879588839941264
1 0.1015625 0.6387665198237885 0.0498046875 0.030837004405286344
1 0.21142578125 0.6167400881057269 0.025390625 0.022026431718061675
1 0.208984375 0.6563876651982379 0.02734375 0.02643171806167401
1 0.298828125 0.6607929515418502 0.029296875 0.01908957415565345
1 0.3017578125 0.7048458149779736 0.033203125 0.02936857562408223
1 0.4501953125 0.960352422907489 0.0556640625 0.048458149779735685
1 0.6982421875 0.8729809104258444 0.0556640625 0.04552129221732746
1 0.43212890625 0.2525697503671072 0.015625 0.06901615271659324
1 0.4560546875 0.24963289280469897 0.0185546875 0.0631424375917768
1 0.28955078125 0.24155653450807635 0.013671875 0.041116005873715125
1 0.3056640625 0.24082232011747431 0.0107421875 0.042584434654919234
1 0.0908203125 0.25183553597650515 0.009765625 0.039647577092511016
1 0.10205078125 0.2555066079295154 0.017578125 0.033773861967694566
1 0.310546875 0.3788546255506608 0.01953125 0.09397944199706314
0 0.0732421875 0.25036710719530103 0.046875 0.08516886930983847
0 0.1220703125 0.2474302496328928 0.0439453125 0.09104258443465492
0 0.26953125 0.2276064610866373 0.0517578125 0.08957415565345081
0 0.3203125 0.223935389133627 0.052734375 0.08370044052863436
0 0.39697265625 0.2011747430249633 0.0888671875 0.19676945668135096
0 0.50341796875 0.18575624082232012 0.1025390625 0.19676945668135096
0 0.4521484375 0.9478707782672541 0.12890625 0.07342143906020558
0 0.71435546875 0.8634361233480177 0.18359375 0.07342143906020558
0 0.30859375 0.7797356828193832 0.078125 0.17327459618208516
0 0.31494140625 0.6725403817914831 0.0654296875 0.0381791483113069
0 0.21826171875 0.6240822320117474 0.0712890625 0.048458149779735685
0 0.2294921875 0.7386196769456681 0.0693359375 0.15565345080763582