1 0.0849609375 0.6734992679355783 0.0205078125 0.036603221083455345
1 0.40283203125 0.17423133235724744 0.01953125 0.0424597364568082
1 0.4248046875 0.1720351390922401 0.013671875 0.040995607613469986
1 0.537109375 0.1925329428989751 0.009765625 0.02342606149341142
1 0.66552734375 0.16910688140556368 0.0107421875 0.016105417276720352
0 0.1640625 0.7166910688140556 0.189453125 0.3162518301610542
0 0.029296875 0.767203513909224 0.0537109375 0.39824304538799415
0 0.3408203125 0.16910688140556368 0.0302734375 0.1683748169838946
0 0.390625 0.13469985358711567 0.046875 0.16105417276720352
0 0.44384765625 0.12298682284040996 0.056640625 0.15080527086383602
0 0.50048828125 0.12005856515373353 0.048828125 0.22986822840409957
0 0.5634765625 0.1171303074670571 0.0537109375 0.20644216691068815
0 0.625 0.12371888726207907 0.060546875 0.19472913616398244
0 0.7021484375 0.11493411420204978 0.0810546875 0.18740849194729137
0 0.6025390625 0.6310395314787701 0.0830078125 0.2957540263543192
0 0.48193359375 0.5915080527086384 0.064453125 0.22986822840409957
1 0.37841796875 0.49414348462664714 0.08984375 0.03367496339677892
1 0.30224609375 0.48535871156661786 0.0498046875 0.014641288433382138
1 0.3017578125 0.5314787701317716 0.0478515625 0.02342606149341142
1 0.302734375 0.5856515373352855 0.0478515625 0.03513909224011713
0 0.2958984375 0.6017569546120058 0.0478515625 0.04538799414348463
0 0.3037109375 0.5534407027818448 0.0478515625 0.03806734992679356
0 0.30224609375 0.4992679355783309 0.0390625 0.032210834553440704
0 0.2998046875 0.4575402635431918 0.046875 0.03513909224011713