1 0.35302734375 0.58984375 0.0732421875 0.026041666666666668
1 0.35693359375 0.6959635416666666 0.0654296875 0.029947916666666668
1 0.6865234375 0.6985677083333334 0.076171875 0.0390625
1 0.681640625 0.5690104166666666 0.064453125 0.032552083333333336
1 0.68408203125 0.4661458333333333 0.056640625 0.0234375
1 0.3564453125 0.462890625 0.060546875 0.026041666666666668
1 0.35205078125 0.3411458333333333 0.0634765625 0.028645833333333332
1 0.6826171875 0.3333333333333333 0.0732421875 0.029947916666666668
1 0.6806640625 0.21875 0.072265625 0.026041666666666668
1 0.3544921875 0.21809895833333334 0.060546875 0.022135416666666668
1 0.3505859375 0.10091145833333333 0.0634765625 0.0234375
1 0.68212890625 0.09765625 0.068359375 0.03515625
0 0.51416015625 0.15364583333333334 0.513671875 0.11588541666666667
0 0.509765625 0.267578125 0.501953125 0.11848958333333333
0 0.515625 0.3899739583333333 0.515625 0.12239583333333333
0 0.51611328125 0.51171875 0.5166015625 0.11197916666666667
0 0.51513671875 0.626953125 0.5087890625 0.10416666666666667
0 0.51513671875 0.7454427083333334 0.498046875 0.10677083333333333