1 0.4345703125 0.7640056022408963 0.0380859375 0.0392156862745098
1 0.4384765625 0.8578431372549019 0.0341796875 0.046218487394957986
1 0.53759765625 0.7345938375350141 0.033203125 0.028011204481792718
1 0.5341796875 0.8256302521008403 0.033203125 0.037815126050420166
1 0.6015625 0.6708683473389355 0.013671875 0.036414565826330535
1 0.6435546875 0.5490196078431373 0.029296875 0.037815126050420166
0 0.6376953125 0.5441176470588235 0.0830078125 0.0700280112044818
0 0.63671875 0.7121848739495799 0.078125 0.211484593837535
0 0.52880859375 0.7275910364145658 0.0732421875 0.05322128851540616
0 0.4228515625 0.7584033613445378 0.0888671875 0.06442577030812324
0 0.42822265625 0.8676470588235294 0.0732421875 0.07703081232492998
0 0.53662109375 0.8207282913165266 0.080078125 0.09103641456582633