1 0.599609375 0.4791666666666667 0.013671875 0.049479166666666664
1 0.5517578125 0.3483072916666667 0.0341796875 0.016927083333333332
1 0.48681640625 0.3365885416666667 0.025390625 0.020833333333333332
1 0.490234375 0.3951822916666667 0.0322265625 0.020833333333333332
1 0.5517578125 0.4036458333333333 0.029296875 0.0234375
1 0.548828125 0.4622395833333333 0.0322265625 0.014322916666666666
1 0.48779296875 0.44921875 0.02734375 0.018229166666666668
1 0.4873046875 0.5032552083333334 0.029296875 0.020833333333333332
1 0.5517578125 0.5247395833333334 0.033203125 0.016927083333333332
1 0.55126953125 0.5748697916666666 0.033203125 0.024739583333333332
1 0.4892578125 0.5638020833333334 0.0263671875 0.022135416666666668
0 0.4931640625 0.3430989583333333 0.0576171875 0.044270833333333336
0 0.55517578125 0.349609375 0.0615234375 0.0546875
0 0.4921875 0.392578125 0.0546875 0.05078125
0 0.55419921875 0.4016927083333333 0.060546875 0.053385416666666664
0 0.4921875 0.44921875 0.0546875 0.04296875
0 0.55224609375 0.4661458333333333 0.056640625 0.05078125
0 0.494140625 0.50390625 0.060546875 0.036458333333333336
0 0.5537109375 0.5221354166666666 0.0517578125 0.041666666666666664
0 0.49169921875 0.5670572916666666 0.044921875 0.057291666666666664
0 0.5517578125 0.5794270833333334 0.060546875 0.05859375
0 0.6259765625 0.4817708333333333 0.07421875 0.2994791666666667