1 0.21630859375 0.623046875 0.0419921875 0.03515625
1 0.22119140625 0.6875 0.0419921875 0.022135416666666668
1 0.20166015625 0.7591145833333334 0.044921875 0.026041666666666668
1 0.322265625 0.7233072916666666 0.033203125 0.02734375
1 0.33837890625 0.6184895833333334 0.017578125 0.048177083333333336
1 0.35986328125 0.6100260416666666 0.0146484375 0.033854166666666664
1 0.4560546875 0.5638020833333334 0.0390625 0.02734375
1 0.453125 0.615234375 0.029296875 0.01953125
1 0.4697265625 0.6608072916666666 0.0283203125 0.024739583333333332
1 0.3837890625 0.6979166666666666 0.0302734375 0.020833333333333332
1 0.595703125 0.4296875 0.021484375 0.0234375
0 0.21728515625 0.6236979166666666 0.103515625 0.041666666666666664
0 0.21142578125 0.6848958333333334 0.1025390625 0.0390625
0 0.255859375 0.74609375 0.162109375 0.033854166666666664
0 0.3193359375 0.6276041666666666 0.0625 0.09765625
0 0.388671875 0.6009114583333334 0.0615234375 0.1015625
0 0.4599609375 0.5501302083333334 0.072265625 0.049479166666666664
0 0.4580078125 0.60546875 0.048828125 0.049479166666666664
0 0.4169921875 0.6888020833333334 0.109375 0.0390625
1 0.01123046875 0.5149739583333334 0.01953125 0.0390625