1 0.7804698972099853 0.7109375 0.01908957415565345 0.0361328125
1 0.775330396475771 0.767578125 0.022026431718061675 0.029296875
1 0.7687224669603524 0.83349609375 0.020558002936857563 0.0302734375
1 0.7650513950073421 0.8935546875 0.01908957415565345 0.0322265625
1 0.9126284875183553 0.86328125 0.022026431718061675 0.03515625
1 0.6365638766519823 0.8046875 0.020558002936857563 0.029296875
0 0.5455212922173275 0.78076171875 0.20851688693098386 0.14453125
0 0.7870778267254038 0.7158203125 0.14977973568281938 0.0595703125
0 0.78928046989721 0.77001953125 0.14243759177679882 0.048828125
0 0.7738619676945668 0.83544921875 0.16299559471365638 0.0537109375
0 0.776064610866373 0.89794921875 0.1395007342143906 0.048828125
0 0.947136563876652 0.86474609375 0.10572687224669604 0.162109375
1 0.9265785609397944 0.4541015625 0.04405286343612335 0.025390625