1 0.5963541666666666 0.1923828125 0.10546875 0.029296875
1 0.6080729166666666 0.33203125 0.08333333333333333 0.033203125
1 0.5885416666666666 0.4521484375 0.07682291666666667 0.0322265625
1 0.6204427083333334 0.58740234375 0.06640625 0.0390625
1 0.6588541666666666 0.7060546875 0.07161458333333333 0.03515625
1 0.70703125 0.85400390625 0.07682291666666667 0.0361328125
0 0.5787760416666666 0.248046875 0.3697916666666667 0.0791015625
0 0.6002604166666666 0.3671875 0.3072916666666667 0.08984375
0 0.58984375 0.47900390625 0.2916666666666667 0.0751953125
0 0.6204427083333334 0.60498046875 0.3333333333333333 0.0595703125
0 0.6432291666666666 0.71826171875 0.30078125 0.0693359375
0 0.6842447916666666 0.85009765625 0.3385416666666667 0.080078125