0 0.275390625 0.21639586410635156 0.08984375 0.35893648449039883
0 0.36279296875 0.26440177252584934 0.06640625 0.2791728212703102
0 0.4482421875 0.28877400295420974 0.095703125 0.24224519940915806
0 0.55126953125 0.27474150664697194 0.08984375 0.24963072378138848
0 0.6591796875 0.1654357459379616 0.0869140625 0.08862629246676514
0 0.759765625 0.14771048744460857 0.099609375 0.08124076809453472
0 0.8876953125 0.22525849335302806 0.1318359375 0.2865583456425406
0 0.98291015625 0.12259970457902511 0.0341796875 0.12850812407680945
0 0.91357421875 0.8596750369276218 0.12890625 0.28064992614475626
0 0.52197265625 0.8389955686853766 0.119140625 0.24224519940915806
0 0.26708984375 0.9246676514032496 0.0986328125 0.15066469719350073
0 0.13134765625 0.9542097488921714 0.1201171875 0.0915805022156573
1 0.76123046875 0.31388478581979323 0.009765625 0.09748892171344166