1 0.13232421875 0.5880640465793304 0.0869140625 0.03202328966521106
1 0.13623046875 0.6579330422125182 0.0947265625 0.040756914119359534
1 0.1337890625 0.7270742358078602 0.091796875 0.034934497816593885
1 0.1435546875 0.8653566229985444 0.0830078125 0.03056768558951965
1 0.7841796875 0.6717612809315866 0.083984375 0.03784570596797671
1 0.7939453125 0.5327510917030568 0.0830078125 0.034934497816593885
0 0.13330078125 0.5873362445414847 0.2099609375 0.055312954876273655
0 0.1328125 0.6579330422125182 0.197265625 0.05967976710334789
0 0.13720703125 0.7540029112081513 0.228515625 0.11062590975254731
0 0.14306640625 0.8908296943231441 0.2158203125 0.09024745269286755
0 0.7880859375 0.5625909752547307 0.171875 0.10625909752547306
0 0.7734375 0.74235807860262 0.1591796875 0.21251819505094613