1 0.40673828125 0.6903304773561811 0.017578125 0.03671970624235006
1 0.4072265625 0.572827417380661 0.0224609375 0.023255813953488372
1 0.3046875 0.5397796817625459 0.0185546875 0.0208078335373317
1 0.30322265625 0.5667074663402693 0.015625 0.019583843329253364
1 0.30517578125 0.6346389228886169 0.013671875 0.03671970624235006
1 0.236328125 0.5973072215422277 0.013671875 0.022031823745410038
1 0.23876953125 0.5416156670746634 0.0166015625 0.022031823745410038
1 0.23388671875 0.5152998776009792 0.0146484375 0.022031823745410038
1 0.1025390625 0.5514075887392901 0.02734375 0.022031823745410038
1 0.10595703125 0.49265605875153 0.021484375 0.02692778457772338
0 0.099609375 0.5055079559363526 0.1181640625 0.0416156670746634
0 0.09814453125 0.5569155446756426 0.1103515625 0.03916768665850673
0 0.24267578125 0.5195838433292533 0.048828125 0.03671970624235006
0 0.2373046875 0.5581395348837209 0.0419921875 0.03916768665850673
0 0.244140625 0.6083231334149327 0.05859375 0.05263157894736842
0 0.30810546875 0.5367197062423501 0.0615234375 0.02937576499388005
0 0.3115234375 0.5795593635250919 0.0634765625 0.051407588739290085
0 0.3203125 0.6554467564259486 0.064453125 0.06609547123623011
0 0.4189453125 0.583843329253366 0.12109375 0.08445532435740515
0 0.419921875 0.6964504283965728 0.0927734375 0.09547123623011015