1 0.57421875 0.7467447916666666 0.072265625 0.045572916666666664
1 0.3740234375 0.7174479166666666 0.0615234375 0.03515625
0 0.37353515625 0.7024739583333334 0.189453125 0.06901041666666667
0 0.5869140625 0.7389322916666666 0.197265625 0.07552083333333333
1 0.66015625 0.375 0.0205078125 0.029947916666666668
1 0.50537109375 0.361328125 0.0234375 0.024739583333333332
1 0.3662109375 0.36328125 0.021484375 0.020833333333333332
0 0.3701171875 0.3567708333333333 0.099609375 0.041666666666666664
0 0.51220703125 0.36328125 0.1025390625 0.048177083333333336
0 0.66357421875 0.3645833333333333 0.138671875 0.05078125
1 0.01416015625 0.5494791666666666 0.0263671875 0.07421875
0 0.07666015625 0.685546875 0.1142578125 0.3489583333333333