1 0.294921875 0.658203125 0.0771484375 0.044921875
1 0.4814453125 0.65673828125 0.0625 0.0419921875
1 0.7294921875 0.90576171875 0.0712890625 0.046875
1 0.8681640625 0.90087890625 0.052734375 0.0400390625
1 0.416015625 0.40771484375 0.056640625 0.029296875
1 0.2236328125 0.96875 0.064453125 0.0263671875
1 0.35302734375 0.97998046875 0.0595703125 0.029296875
1 0.36083984375 0.080078125 0.0439453125 0.017578125
0 0.2919921875 0.65478515625 0.1767578125 0.1318359375
0 0.4755859375 0.65625 0.1845703125 0.1259765625
0 0.4091796875 0.408203125 0.126953125 0.091796875
0 0.771484375 0.28173828125 0.1552734375 0.1142578125
0 0.96826171875 0.583984375 0.0634765625 0.1015625
1 0.9892578125 0.60400390625 0.021484375 0.0390625
0 0.88037109375 0.7353515625 0.236328125 0.162109375
0 0.8291015625 0.90771484375 0.341796875 0.095703125
0 0.22509765625 0.94580078125 0.119140625 0.1083984375
0 0.3486328125 0.94921875 0.1123046875 0.1015625
0 0.3544921875 0.07373046875 0.1025390625 0.06640625