1 0.12451171875 0.6147260273972602 0.05078125 0.0319634703196347
1 0.32421875 0.7049086757990868 0.0498046875 0.026255707762557076
1 0.32421875 0.7625570776255708 0.0419921875 0.0365296803652968
1 0.32763671875 0.8236301369863014 0.04296875 0.0273972602739726
1 0.32763671875 0.8744292237442922 0.0478515625 0.023972602739726026
1 0.5048828125 0.690068493150685 0.0478515625 0.021689497716894976
1 0.56298828125 0.6763698630136986 0.0380859375 0.02511415525114155
1 0.30078125 0.3396118721461187 0.044921875 0.02968036529680365
1 0.36669921875 0.3424657534246575 0.048828125 0.02968036529680365
1 0.5673828125 0.3321917808219178 0.044921875 0.02511415525114155
1 0.61865234375 0.3264840182648402 0.037109375 0.019406392694063926
0 0.2900390625 0.22031963470319635 0.0888671875 0.2511415525114155
0 0.140625 0.6244292237442922 0.189453125 0.07077625570776255
0 0.4052734375 0.228310502283105 0.1240234375 0.24315068493150685
0 0.5283203125 0.2271689497716895 0.126953125 0.23515981735159816
0 0.6484375 0.2334474885844749 0.1123046875 0.22488584474885845
0 0.3251953125 0.7151826484018264 0.1337890625 0.05593607305936073
0 0.328125 0.7671232876712328 0.1328125 0.04337899543378995
0 0.32958984375 0.8139269406392694 0.1328125 0.04452054794520548
0 0.3291015625 0.9189497716894978 0.13671875 0.12100456621004566
0 0.46923828125 0.8179223744292238 0.123046875 0.2808219178082192
0 0.6005859375 0.7819634703196348 0.119140625 0.2522831050228311