0 0.25 0.36681222707423583 0.068359375 0.2692867540029112
0 0.3134765625 0.3682678311499272 0.05859375 0.26055312954876275
0 0.2568359375 0.5625909752547307 0.0615234375 0.10043668122270742
0 0.31689453125 0.5531295487627366 0.064453125 0.09315866084425037
0 0.2890625 0.8966521106259098 0.0341796875 0.2066957787481805
0 0.34033203125 0.9104803493449781 0.04296875 0.17612809315866085
0 0.3896484375 0.9403202328966521 0.041015625 0.11935953420669577
0 0.4453125 0.9519650655021834 0.0625 0.09606986899563319
0 0.4638671875 0.3660844250363901 0.0361328125 0.16739446870451238
0 0.50927734375 0.3682678311499272 0.0419921875 0.15574963609898107
0 0.54638671875 0.37045123726346435 0.044921875 0.15138282387190685
0 0.5849609375 0.37627365356623 0.0419921875 0.15574963609898107
0 0.16845703125 0.6462882096069869 0.08203125 0.03202328966521106
0 0.1748046875 0.6957787481804949 0.0810546875 0.04512372634643377
0 0.171875 0.7518195050946143 0.0908203125 0.040756914119359534
0 0.1728515625 0.36026200873362446 0.052734375 0.20087336244541484
0 0.1142578125 0.35152838427947597 0.05078125 0.2052401746724891
0 0.05029296875 0.3333333333333333 0.056640625 0.2328966521106259
1 0.0185546875 0.4163027656477438 0.0126953125 0.06841339155749636
0 0.61376953125 0.606259097525473 0.02734375 0.05967976710334789
0 0.5712890625 0.604075691411936 0.037109375 0.036390101892285295