1 0.2848684210526316 0.7958984375 0.019736842105263157 0.072265625
1 0.1763157894736842 0.6220703125 0.08026315789473684 0.02734375
1 0.36644736842105263 0.63134765625 0.02236842105263158 0.0263671875
1 0.4921052631578947 0.62939453125 0.018421052631578946 0.0224609375
1 0.6157894736842106 0.6318359375 0.019736842105263157 0.0166015625
1 0.8111842105263158 0.62939453125 0.07631578947368421 0.0302734375
1 0.49078947368421055 0.71435546875 0.11052631578947368 0.037109375
1 0.4861842105263158 0.8046875 0.10263157894736842 0.04296875
1 0.48157894736842105 0.8828125 0.1013157894736842 0.03515625
1 0.6796052631578947 0.80078125 0.017105263157894738 0.087890625
1 0.2986842105263158 0.22216796875 0.019736842105263157 0.078125
1 0.6921052631578948 0.21923828125 0.014473684210526316 0.06640625
0 0.19473684210526315 0.2216796875 0.24868421052631579 0.29296875
0 0.1763157894736842 0.7880859375 0.24868421052631579 0.24609375
0 0.1736842105263158 0.62060546875 0.2565789473684211 0.0693359375
0 0.3638157894736842 0.61669921875 0.10921052631578948 0.078125
0 0.4881578947368421 0.62646484375 0.10921052631578948 0.06640625
0 0.6144736842105263 0.6201171875 0.12236842105263158 0.076171875
0 0.8138157894736842 0.6220703125 0.25921052631578945 0.080078125
0 0.7782894736842105 0.80224609375 0.23157894736842105 0.259765625
0 0.48223684210526313 0.71044921875 0.34342105263157896 0.08984375
0 0.48092105263157897 0.7978515625 0.3460526315789474 0.08203125
0 0.47960526315789476 0.88134765625 0.34868421052631576 0.08203125