1 0.2900390625 0.5494791666666666 0.015625 0.037760416666666664
1 0.15869140625 0.7233072916666666 0.013671875 0.01953125
1 0.1328125 0.736328125 0.0205078125 0.033854166666666664
1 0.3466796875 0.595703125 0.0224609375 0.016927083333333332
1 0.3603515625 0.6380208333333334 0.0087890625 0.020833333333333332
1 0.4052734375 0.6432291666666666 0.0068359375 0.016927083333333332
1 0.42041015625 0.6458333333333334 0.0107421875 0.02734375
1 0.4970703125 0.6100260416666666 0.033203125 0.024739583333333332
1 0.49169921875 0.6725260416666666 0.017578125 0.016927083333333332
1 0.49169921875 0.744140625 0.029296875 0.01953125
1 0.62939453125 0.6360677083333334 0.033203125 0.016927083333333332
0 0.07763671875 0.8196614583333334 0.1181640625 0.18619791666666666
0 0.19091796875 0.775390625 0.08203125 0.15364583333333334
0 0.3486328125 0.5924479166666666 0.044921875 0.028645833333333332
0 0.35009765625 0.6751302083333334 0.0419921875 0.1171875
0 0.3974609375 0.6861979166666666 0.0400390625 0.125
0 0.44091796875 0.69921875 0.041015625 0.12369791666666667
0 0.4951171875 0.6744791666666666 0.0517578125 0.04296875
0 0.494140625 0.7421875 0.0458984375 0.0546875
0 0.4189453125 0.6041666666666666 0.076171875 0.033854166666666664
0 0.4970703125 0.603515625 0.048828125 0.026041666666666668
0 0.642578125 0.6334635416666666 0.1787109375 0.029947916666666668