1 0.3566289825282631 0.451171875 0.030832476875642344 0.072265625
1 0.3920863309352518 0.44287109375 0.029804727646454265 0.06640625
1 0.302158273381295 0.3251953125 0.0698869475847893 0.044921875
1 0.4419321685508736 0.3056640625 0.06474820143884892 0.0498046875
1 0.35817060637204523 0.17138671875 0.03186022610483042 0.0712890625
1 0.39516957862281604 0.1748046875 0.029804727646454265 0.078125
0 0.2954779033915725 0.314453125 0.13566289825282632 0.048828125
0 0.3006166495375128 0.4638671875 0.1459403905447071 0.1669921875
0 0.43782117163412126 0.4248046875 0.12744090441932168 0.1357421875
0 0.4409044193216855 0.29638671875 0.12538540596094552 0.04296875
0 0.29907502569373073 0.177734375 0.14902363823227133 0.1748046875
0 0.43833504624871533 0.16650390625 0.12949640287769784 0.15234375