1 0.4423828125 0.46987951807228917 0.0283203125 0.024096385542168676
1 0.5791015625 0.5026773761713521 0.03125 0.028112449799196786
1 0.5068359375 0.4839357429718876 0.0283203125 0.029451137884872823
1 0.57275390625 0.5856760374832664 0.0283203125 0.029451137884872823
1 0.57275390625 0.6552878179384204 0.0263671875 0.030789825970548863
1 0.64697265625 0.6961178045515395 0.025390625 0.025435073627844713
1 0.6494140625 0.7764390896921017 0.0263671875 0.04417670682730924
1 0.6455078125 0.8360107095046854 0.0263671875 0.028112449799196786
1 0.6396484375 0.9143239625167336 0.0283203125 0.029451137884872823
1 0.64111328125 0.9919678714859438 0.02734375 0.01606425702811245
1 0.5693359375 0.9437751004016064 0.021484375 0.024096385542168676
1 0.56884765625 0.8741633199464525 0.025390625 0.0321285140562249
1 0.5693359375 0.7998661311914324 0.03125 0.030789825970548863
1 0.5673828125 0.7275769745649264 0.0283203125 0.028112449799196786
1 0.5009765625 0.8875502008032129 0.01953125 0.030789825970548863
1 0.49951171875 0.8273092369477911 0.025390625 0.024096385542168676
1 0.5 0.7623828647925034 0.0185546875 0.03346720214190094
1 0.4990234375 0.6974564926372155 0.017578125 0.03346720214190094
1 0.4990234375 0.6318607764390897 0.0234375 0.03614457831325301
1 0.5009765625 0.5555555555555556 0.01953125 0.030789825970548863
1 0.443359375 0.5388219544846051 0.0244140625 0.025435073627844713
1 0.4423828125 0.6024096385542169 0.0244140625 0.0321285140562249
1 0.443359375 0.6673360107095047 0.0244140625 0.02677376171352075
1 0.44189453125 0.7309236947791165 0.0166015625 0.0321285140562249
1 0.4404296875 0.7938420348058902 0.0185546875 0.03748326639892905
1 0.4423828125 0.85809906291834 0.0234375 0.025435073627844713
0 0.447265625 0.46318607764390896 0.0458984375 0.050870147255689425
0 0.50537109375 0.4825970548862115 0.0625 0.06827309236947791
0 0.5751953125 0.5073627844712182 0.0625 0.04819277108433735
0 0.57568359375 0.5729585006693441 0.0546875 0.06291834002677377
0 0.64599609375 0.6800535475234271 0.0625 0.07362784471218206
0 0.646484375 0.7576974564926372 0.0615234375 0.060240963855421686
0 0.6455078125 0.8353413654618473 0.0556640625 0.06291834002677377
0 0.64697265625 0.9096385542168675 0.0673828125 0.058902275769745646
0 0.646484375 0.9785809906291834 0.0693359375 0.0428380187416332
0 0.57177734375 0.9410977242302544 0.056640625 0.060240963855421686
0 0.5791015625 0.8755020080321285 0.056640625 0.0535475234270415
0 0.578125 0.8078982597054887 0.056640625 0.06559571619812583
0 0.57763671875 0.7282463186077643 0.0537109375 0.07095046854082998
0 0.5751953125 0.6465863453815262 0.060546875 0.08433734939759036
0 0.51025390625 0.5522088353413654 0.0576171875 0.050870147255689425
0 0.44677734375 0.5307898259705489 0.0546875 0.05622489959839357
0 0.4501953125 0.5970548862115127 0.048828125 0.049531459170013385
0 0.50244140625 0.6151271753681392 0.064453125 0.06157965194109773
0 0.4521484375 0.6626506024096386 0.052734375 0.049531459170013385
0 0.505859375 0.6887550200803213 0.05859375 0.049531459170013385
0 0.4482421875 0.7222222222222222 0.046875 0.06157965194109773
0 0.5029296875 0.751004016064257 0.0537109375 0.06827309236947791
0 0.4462890625 0.785809906291834 0.0517578125 0.05220883534136546
0 0.49951171875 0.820615796519411 0.05078125 0.05622489959839357
0 0.4462890625 0.8473895582329317 0.0458984375 0.05622489959839357
0 0.50927734375 0.8895582329317269 0.0595703125 0.04551539491298527