0 0.6240234375 0.24088541666666666 0.0673828125 0.13411458333333334
0 0.6884765625 0.23958333333333334 0.0625 0.13802083333333334
0 0.7666015625 0.330078125 0.0634765625 0.16796875
0 0.8388671875 0.2962239583333333 0.068359375 0.1015625
0 0.90380859375 0.2975260416666667 0.0654296875 0.09765625
1 0.1064453125 0.6204427083333334 0.0234375 0.015625
1 0.18994140625 0.630859375 0.021484375 0.01171875
1 0.27099609375 0.62890625 0.0341796875 0.024739583333333332
0 0.11572265625 0.625 0.064453125 0.041666666666666664
0 0.17578125 0.6243489583333334 0.0576171875 0.05078125
0 0.2607421875 0.6236979166666666 0.076171875 0.053385416666666664