1 0.1904296875 0.66398243045388 0.021484375 0.03074670571010249
1 0.185546875 0.7474377745241582 0.01953125 0.027818448023426062
1 0.18701171875 0.8462664714494875 0.0166015625 0.03513909224011713
1 0.341796875 0.7840409956076134 0.01953125 0.03513909224011713
1 0.34619140625 0.6969253294289898 0.017578125 0.021961932650073207
1 0.3466796875 0.6281112737920937 0.01171875 0.01903367496339678
1 0.60693359375 0.6581259150805271 0.021484375 0.01903367496339678
1 0.83349609375 0.8191800878477306 0.330078125 0.1493411420204978
1 0.94873046875 0.3103953147877013 0.03515625 0.16251830161054173
1 0.8291015625 0.16471449487554904 0.021484375 0.03806734992679356
1 0.853515625 0.16325036603221083 0.02734375 0.029282576866764276
1 0.6982421875 0.404099560761347 0.0166015625 0.036603221083455345
1 0.197265625 0.41215226939970717 0.0146484375 0.027818448023426062
1 0.2119140625 0.41947291361639827 0.0126953125 0.021961932650073207
0 0.1826171875 0.6625183016105417 0.1787109375 0.04978038067349927
0 0.1796875 0.7423133235724744 0.189453125 0.07613469985358712
0 0.18505859375 0.8345534407027818 0.2001953125 0.09956076134699854
0 0.34130859375 0.7950219619326501 0.1435546875 0.06588579795021962
0 0.3427734375 0.7049780380673499 0.1396484375 0.0849194729136164
0 0.33935546875 0.6478770131771596 0.130859375 0.07613469985358712
0 0.14990234375 0.28257686676427524 0.125 0.30161054172767204
0 0.25244140625 0.31551976573938506 0.09375 0.25329428989751096
0 0.341796875 0.3462664714494876 0.0791015625 0.24597364568081992
0 0.45849609375 0.4011713030746706 0.09375 0.3528550512445095
0 0.45654296875 0.6720351390922401 0.08984375 0.18887262079062958
0 0.6162109375 0.8060029282576867 0.091796875 0.34553440702781846
0 0.6630859375 0.287701317715959 0.0830078125 0.30600292825768666
0 0.77880859375 0.14275256222547583 0.1357421875 0.13030746705710103
0 0.9208984375 0.095900439238653 0.158203125 0.13323572474377746