1 0.80078125 0.21671388101983002 0.125 0.060906515580736544
1 0.7978515625 0.45042492917847027 0.1259765625 0.053824362606232294
1 0.78173828125 0.6331444759206799 0.119140625 0.049575070821529746
1 0.0517578125 0.21458923512747877 0.080078125 0.036827195467422094
1 0.08349609375 0.3902266288951841 0.0908203125 0.049575070821529746
1 0.119140625 0.5516997167138811 0.076171875 0.049575070821529746
0 0.1064453125 0.2507082152974504 0.212890625 0.16005665722379603
0 0.1123046875 0.4178470254957507 0.224609375 0.1558073654390935
0 0.12255859375 0.5885269121813032 0.234375 0.20113314447592068
0 0.78271484375 0.6735127478753541 0.296875 0.21104815864022664
0 0.7978515625 0.4830028328611898 0.322265625 0.22237960339943344
0 0.80322265625 0.26912181303116145 0.345703125 0.21671388101983002