1 0.5947265625 0.7758215962441315 0.015625 0.0539906103286385
1 0.55908203125 0.7664319248826291 0.01953125 0.05046948356807512
1 0.3251953125 0.6772300469483568 0.044921875 0.017605633802816902
1 0.32275390625 0.7623239436619719 0.048828125 0.01995305164319249
1 0.32177734375 0.8697183098591549 0.046875 0.028169014084507043
1 0.333984375 0.5205399061032864 0.0380859375 0.01995305164319249
1 0.3291015625 0.42488262910798125 0.041015625 0.022300469483568074
0 0.328125 0.4242957746478873 0.1435546875 0.062206572769953054
0 0.33349609375 0.5193661971830986 0.1435546875 0.06924882629107981
0 0.322265625 0.6772300469483568 0.150390625 0.057511737089201875
0 0.32470703125 0.7699530516431925 0.1474609375 0.08450704225352113
0 0.3232421875 0.8667840375586855 0.1416015625 0.07511737089201878
0 0.50244140625 0.8157276995305164 0.130859375 0.1596244131455399
0 0.64794921875 0.8192488262910798 0.1162109375 0.1607981220657277
0 0.1455078125 0.8139671361502347 0.111328125 0.15845070422535212