1 0.37109375 0.7900912646675359 0.0185546875 0.14732724902216426
1 0.3857421875 0.7790091264667536 0.0166015625 0.1421121251629726
1 0.14990234375 0.8363754889178618 0.1044921875 0.07822685788787484
1 0.50732421875 0.7046936114732725 0.013671875 0.10951760104302477
1 0.51611328125 0.6981747066492829 0.013671875 0.10691003911342895
1 0.5693359375 0.6277705345501956 0.0322265625 0.02998696219035202
1 0.65771484375 0.589960886571056 0.0185546875 0.024771838331160364
1 0.6181640625 0.6049543676662321 0.015625 0.018252933507170794
1 0.66064453125 0.636245110821382 0.0166015625 0.024771838331160364
1 0.65771484375 0.6883963494132985 0.0205078125 0.03780964797913951
1 0.6591796875 0.742503259452412 0.0205078125 0.028683181225554105
1 0.6220703125 0.6642764015645372 0.0185546875 0.02607561929595828
1 0.62255859375 0.7203389830508474 0.0234375 0.02346805736636245
1 0.6181640625 0.7750977835723598 0.01953125 0.027379400260756193
1 0.5693359375 0.8305084745762712 0.0302734375 0.02998696219035202
1 0.57470703125 0.7594524119947849 0.029296875 0.027379400260756193
1 0.56884765625 0.6916558018252934 0.025390625 0.02998696219035202
1 0.13525390625 0.30638852672750977 0.029296875 0.16297262059973924
1 0.3095703125 0.34485006518904826 0.0205078125 0.11473272490221642
1 0.3291015625 0.3435462842242503 0.0166015625 0.10430247718383312
1 0.4755859375 0.3754889178617992 0.0126953125 0.08996088657105607
1 0.4892578125 0.3748370273794003 0.015625 0.09778357235984354
0 0.07666015625 0.20404172099087353 0.134765625 0.38070404172099087
0 0.2314453125 0.20925684485006518 0.173828125 0.409387222946545
0 0.375 0.21251629726205998 0.1015625 0.4172099087353325
0 0.44921875 0.2522816166883963 0.0517578125 0.3520208604954368
0 0.5009765625 0.2737940026075619 0.0517578125 0.31421121251629724
0 0.13525390625 0.9048239895697523 0.2470703125 0.19035202086049544
0 0.32080078125 0.8604954367666232 0.10546875 0.2790091264667536
0 0.419921875 0.8415906127770535 0.087890625 0.31681877444589307
0 0.48681640625 0.8233376792698827 0.041015625 0.3272490221642764
0 0.52978515625 0.7731421121251629 0.048828125 0.29595827900912647
0 0.5673828125 0.6382007822685789 0.046875 0.035202086049543675
0 0.5712890625 0.6929595827900913 0.0361328125 0.06388526727509779
0 0.57177734375 0.7685788787483703 0.0390625 0.05997392438070404
0 0.572265625 0.8383311603650587 0.037109375 0.05997392438070404
0 0.61181640625 0.6153846153846154 0.0234375 0.041720990873533245
0 0.6552734375 0.5958279009126467 0.0302734375 0.04954367666232073
0 0.6162109375 0.6642764015645372 0.033203125 0.04563233376792699
0 0.65283203125 0.6427640156453716 0.033203125 0.03911342894393742
0 0.650390625 0.7007822685788787 0.03515625 0.04563233376792699
0 0.65478515625 0.741851368970013 0.037109375 0.041720990873533245
0 0.6142578125 0.728161668839635 0.037109375 0.054758800521512385
0 0.615234375 0.7744458930899609 0.041015625 0.04041720990873533
1 0.68017578125 0.6271186440677966 0.013671875 0.0651890482398957
1 0.67822265625 0.3200782268578879 0.0205078125 0.0651890482398957
0 0.68896484375 0.2907431551499348 0.029296875 0.1316818774445893
0 0.68701171875 0.6623207301173403 0.0224609375 0.15254237288135594