1 0.31494140625 0.8360566448801743 0.0546875 0.05228758169934641
0 0.27685546875 0.7870370370370371 0.25390625 0.1710239651416122
0 0.330078125 0.9466230936819172 0.1787109375 0.10675381263616558
0 0.44384765625 0.8229847494553377 0.046875 0.3485838779956427
0 0.4931640625 0.7810457516339869 0.0361328125 0.31808278867102396
0 0.88720703125 0.6269063180827886 0.083984375 0.06535947712418301
0 0.89306640625 0.7178649237472767 0.0908203125 0.09694989106753812
0 0.890625 0.8164488017429193 0.091796875 0.11437908496732026
0 0.80078125 0.6574074074074074 0.0595703125 0.20697167755991286
0 0.72314453125 0.6944444444444444 0.087890625 0.12527233115468409
0 0.6259765625 0.6949891067538126 0.0888671875 0.11764705882352941
0 0.5458984375 0.659041394335512 0.0595703125 0.18736383442265794
1 0.9091796875 0.849128540305011 0.0263671875 0.037037037037037035
1 0.8603515625 0.7761437908496732 0.0166015625 0.030501089324618737
1 0.90625 0.7467320261437909 0.0185546875 0.029411764705882353
1 0.865234375 0.6977124183006536 0.021484375 0.03159041394335512