1 0.1630859375 0.6799738219895288 0.0224609375 0.03534031413612566
1 0.15234375 0.7787958115183246 0.021484375 0.07853403141361257
1 0.1845703125 0.7846858638743456 0.017578125 0.07198952879581152
1 0.1689453125 0.24607329842931938 0.0205078125 0.0693717277486911
1 0.14208984375 0.24541884816753926 0.015625 0.06282722513089005
1 0.36376953125 0.2742146596858639 0.041015625 0.362565445026178
1 0.3681640625 0.7166230366492147 0.0361328125 0.524869109947644
0 0.22119140625 0.1511780104712042 0.1279296875 0.2918848167539267
0 0.08642578125 0.1518324607329843 0.13671875 0.28534031413612565
0 0.162109375 0.6662303664921466 0.271484375 0.0824607329842932
0 0.1103515625 0.8645287958115183 0.1142578125 0.2709424083769634
0 0.23779296875 0.8678010471204188 0.1240234375 0.2643979057591623
0 0.4052734375 0.03795811518324607 0.1845703125 0.07591623036649214
0 0.6044921875 0.045157068062827224 0.16015625 0.0824607329842932
1 0.00927734375 0.7945026178010471 0.0185546875 0.08115183246073299