1 0.17431640625 0.6142020497803806 0.1123046875 0.7715959004392386
1 0.453125 0.44216691068814057 0.056640625 0.02342606149341142
1 0.4560546875 0.48316251830161056 0.041015625 0.024890190336749635
1 0.5244140625 0.45168374816983897 0.0185546875 0.04685212298682284
1 0.5908203125 0.4751098096632504 0.0087890625 0.0527086383601757
1 0.5966796875 0.479502196193265 0.009765625 0.0424597364568082
1 0.87060546875 0.6149341142020498 0.052734375 0.040995607613469986
1 0.86474609375 0.6991215226939971 0.056640625 0.03513909224011713
1 0.857421875 0.7833089311859444 0.056640625 0.03367496339677892
1 0.18310546875 0.19472913616398244 0.02734375 0.08052708638360176
1 0.05712890625 0.08052708638360176 0.046875 0.11127379209370425
1 0.2001953125 0.41215226939970717 0.02734375 0.040995607613469986
1 0.1923828125 0.30453879941434847 0.0244140625 0.02635431918008785
1 0.20263671875 0.45021961932650073 0.01953125 0.03367496339677892
1 0.205078125 0.479502196193265 0.021484375 0.036603221083455345
1 0.24072265625 0.40043923865300146 0.017578125 0.060029282576866766
1 0.2216796875 0.6581259150805271 0.015625 0.036603221083455345
0 0.0341796875 0.0951683748169839 0.064453125 0.1493411420204978
0 0.08349609375 0.11273792093704246 0.0546875 0.16105417276720352
0 0.1708984375 0.14128843338213762 0.0390625 0.1595900439238653
0 0.44580078125 0.4458272327964861 0.0927734375 0.03953147877013177
0 0.44482421875 0.4904831625183016 0.1025390625 0.0527086383601757
0 0.53076171875 0.46925329428989754 0.0537109375 0.08638360175695461
0 0.57666015625 0.46486090775988287 0.041015625 0.09077598828696926
0 0.60986328125 0.48096632503660325 0.0244140625 0.048316251830161056
0 0.86376953125 0.6105417276720352 0.091796875 0.06588579795021962
0 0.86376953125 0.698389458272328 0.083984375 0.06734992679355783
0 0.85009765625 0.7759882869692533 0.107421875 0.06588579795021962
0 0.21826171875 0.6632503660322109 0.0244140625 0.0849194729136164