1 0.9658203125 0.5983072916666666 0.029296875 0.3333333333333333
1 0.9912109375 0.6119791666666666 0.017578125 0.3098958333333333
1 0.7744140625 0.6341145833333334 0.015625 0.0234375
1 0.53662109375 0.5696614583333334 0.013671875 0.024739583333333332
1 0.5400390625 0.61328125 0.015625 0.026041666666666668
1 0.4853515625 0.5559895833333334 0.0166015625 0.018229166666666668
1 0.48828125 0.595703125 0.013671875 0.033854166666666664
1 0.4150390625 0.5436197916666666 0.0107421875 0.018229166666666668
1 0.24072265625 0.7200520833333334 0.015625 0.028645833333333332
1 0.548828125 0.39453125 0.033203125 0.016927083333333332
1 0.5126953125 0.3951822916666667 0.0283203125 0.018229166666666668
1 0.64990234375 0.2962239583333333 0.048828125 0.015625
1 0.70361328125 0.2877604166666667 0.052734375 0.022135416666666668
1 0.7919921875 0.2825520833333333 0.0595703125 0.0234375
1 0.8408203125 0.2740885416666667 0.03515625 0.026041666666666668
1 0.9716796875 0.22200520833333334 0.056640625 0.024739583333333332
0 0.77880859375 0.6256510416666666 0.103515625 0.059895833333333336
0 0.50439453125 0.30859375 0.048828125 0.18880208333333334
0 0.56982421875 0.3040364583333333 0.064453125 0.19140625
0 0.6455078125 0.2421875 0.0576171875 0.13151041666666666
0 0.7119140625 0.2265625 0.0693359375 0.13671875
0 0.78759765625 0.21223958333333334 0.0673828125 0.16145833333333334
0 0.8486328125 0.20703125 0.0458984375 0.16927083333333334
0 0.947265625 0.13997395833333334 0.10546875 0.21614583333333334
0 0.4892578125 0.55078125 0.03515625 0.037760416666666664
0 0.5380859375 0.568359375 0.052734375 0.0390625
0 0.53955078125 0.6106770833333334 0.048828125 0.032552083333333336
0 0.48779296875 0.5983072916666666 0.041015625 0.0390625
0 0.416015625 0.5397135416666666 0.0869140625 0.03515625
0 0.21630859375 0.724609375 0.083984375 0.057291666666666664
1 0.11865234375 0.3678385416666667 0.0595703125 0.024739583333333332
0 0.07958984375 0.24088541666666666 0.126953125 0.30078125
0 0.0986328125 0.5963541666666666 0.1220703125 0.4036458333333333
1 0.3134765625 0.4029947916666667 0.0322265625 0.022135416666666668
0 0.318359375 0.3033854166666667 0.076171875 0.20963541666666666
1 0.7783203125 0.5540364583333334 0.0517578125 0.02734375
0 0.779296875 0.4895833333333333 0.0537109375 0.14322916666666666
0 0.8349609375 0.49609375 0.0390625 0.12760416666666666