1 0.8291015625 0.5389133627019089 0.0302734375 0.19676945668135096
1 0.810546875 0.540381791483113 0.01953125 0.17180616740088106
1 0.4697265625 0.5308370044052864 0.0205078125 0.033773861967694566
1 0.30322265625 0.9162995594713657 0.017578125 0.039647577092511016
1 0.314453125 0.8942731277533039 0.0224609375 0.027900146842878122
1 0.36376953125 0.7767988252569751 0.0166015625 0.042584434654919234
1 0.37255859375 0.6651982378854625 0.015625 0.027900146842878122
1 0.39453125 0.6292217327459618 0.015625 0.024963289280469897
1 0.39990234375 0.6916299559471366 0.017578125 0.03671071953010279
0 0.283203125 0.9478707782672541 0.05078125 0.10425844346549193
0 0.3369140625 0.9111600587371512 0.0615234375 0.1776798825256975
0 0.37060546875 0.8333333333333334 0.0302734375 0.19676945668135096
0 0.39453125 0.7731277533039648 0.0361328125 0.19089574155653452
0 0.37255859375 0.6644640234948604 0.0283203125 0.04552129221732746
0 0.3876953125 0.6372980910425844 0.02734375 0.041116005873715125
0 0.6240234375 0.1211453744493392 0.134765625 0.2305433186490455
0 0.865234375 0.10866372980910426 0.0927734375 0.18502202643171806
0 0.7578125 0.11380323054331865 0.091796875 0.19383259911894274