1 0.1728515625 0.6864181091877497 0.125 0.08655126498002663
1 0.48828125 0.6318242343541944 0.0361328125 0.019973368841544607
1 0.54541015625 0.6338215712383488 0.0361328125 0.02130492676431425
1 0.64892578125 0.6364846870838882 0.037109375 0.02929427430093209
1 0.65283203125 0.34820239680426096 0.037109375 0.02130492676431425
1 0.505859375 0.34953395472703064 0.0322265625 0.018641810918774968
1 0.40625 0.3521970705725699 0.0361328125 0.023968042609853527
0 0.369140625 0.2836218375499334 0.12109375 0.15312916111850866
0 0.47705078125 0.2789613848202397 0.0947265625 0.1411451398135819
0 0.6943359375 0.2836218375499334 0.1328125 0.15046604527296936
0 0.6748046875 0.6990679094540613 0.1025390625 0.1677762982689747
0 0.56982421875 0.699733688415446 0.1005859375 0.16910785619174434
0 0.46484375 0.6957390146471372 0.103515625 0.16644474034620507