1 0.17919921875 0.24934895833333334 0.076171875 0.028645833333333332
1 0.17822265625 0.3528645833333333 0.080078125 0.024739583333333332
1 0.18115234375 0.4505208333333333 0.076171875 0.026041666666666668
1 0.18408203125 0.5462239583333334 0.0712890625 0.028645833333333332
1 0.18017578125 0.6432291666666666 0.07421875 0.033854166666666664
1 0.7421875 0.6067708333333334 0.0625 0.041666666666666664
1 0.7392578125 0.7174479166666666 0.060546875 0.048177083333333336
1 0.7490234375 0.49609375 0.06640625 0.033854166666666664
0 0.1748046875 0.29296875 0.2724609375 0.10286458333333333
0 0.169921875 0.3912760416666667 0.2724609375 0.09635416666666667
0 0.1748046875 0.4876302083333333 0.26953125 0.09505208333333333
0 0.173828125 0.5944010416666666 0.26171875 0.08333333333333333
0 0.1787109375 0.6751302083333334 0.2607421875 0.12239583333333333
0 0.7646484375 0.529296875 0.25390625 0.14973958333333334
0 0.7607421875 0.6393229166666666 0.2646484375 0.16276041666666666
0 0.7529296875 0.7428385416666666 0.2685546875 0.16666666666666666