1 0.8834310850439883 0.62158203125 0.0747800586510264 0.3212890625
1 0.9281524926686217 0.30078125 0.0689149560117302 0.3125
1 0.7683284457478006 0.146484375 0.03812316715542522 0.12109375
1 0.7741935483870968 0.59716796875 0.036656891495601175 0.0361328125
1 0.14002932551319647 0.4541015625 0.017595307917888565 0.02734375
1 0.10777126099706745 0.45703125 0.017595307917888565 0.033203125
1 0.1217008797653959 0.40771484375 0.021994134897360705 0.0322265625
1 0.18181818181818182 0.15625 0.016129032258064516 0.029296875
1 0.22947214076246333 0.15673828125 0.026392961876832845 0.0224609375
1 0.48167155425219943 0.15576171875 0.013196480938416423 0.025390625
1 0.5073313782991202 0.1591796875 0.017595307917888565 0.029296875
0 0.1187683284457478 0.40185546875 0.23313782991202345 0.037109375
0 0.062316715542521994 0.51806640625 0.11730205278592376 0.158203125
0 0.16202346041055718 0.513671875 0.0689149560117302 0.1640625
0 0.7712609970674487 0.5908203125 0.1436950146627566 0.0986328125
0 0.46187683284457476 0.09521484375 0.07331378299120235 0.1650390625
0 0.5469208211143695 0.10009765625 0.08357771260997067 0.1669921875
0 0.3064516129032258 0.1025390625 0.17155425219941348 0.1474609375
0 0.10483870967741936 0.10009765625 0.17595307917888564 0.15234375