1 0.4189453125 0.5358711566617862 0.044921875 0.2005856515373353
1 0.439453125 0.7349926793557833 0.044921875 0.16691068814055637
1 0.5048828125 0.8111273792093704 0.0703125 0.04685212298682284
1 0.5126953125 0.8982430453879942 0.0654296875 0.0424597364568082
1 0.5361328125 0.36822840409956076 0.0556640625 0.027818448023426062
1 0.6005859375 0.48316251830161056 0.0322265625 0.11420204978038068
1 0.658203125 0.5424597364568082 0.0380859375 0.020497803806734993
1 0.7138671875 0.5329428989751098 0.0361328125 0.017569546120058566
0 0.697265625 0.4546120058565154 0.0556640625 0.16544655929721816
0 0.64208984375 0.46486090775988287 0.0517578125 0.17862371888726208
0 0.5341796875 0.3623718887262079 0.1201171875 0.04685212298682284
0 0.51904296875 0.8133235724743777 0.103515625 0.06588579795021962
0 0.5302734375 0.9253294289897511 0.115234375 0.11859443631039532
0 0.4482421875 0.4685212298682284 0.064453125 0.23718887262079064
1 0.4560546875 0.568081991215227 0.0419921875 0.03367496339677892