1 0.7197265625 0.2866568914956012 0.015625 0.051319648093841645
1 0.3154296875 0.3093841642228739 0.013671875 0.051319648093841645
1 0.25146484375 0.3086510263929619 0.009765625 0.04105571847507331
1 0.26416015625 0.30425219941348974 0.0107421875 0.04398826979472141
1 0.291015625 0.6048387096774194 0.0244140625 0.02346041055718475
0 0.20751953125 0.20747800586510265 0.103515625 0.3181818181818182
0 0.27392578125 0.2250733137829912 0.048828125 0.26392961876832843
0 0.35107421875 0.22434017595307917 0.0947265625 0.2624633431085044
0 0.7568359375 0.19501466275659823 0.1064453125 0.2961876832844575
0 0.57421875 0.7456011730205279 0.087890625 0.23900293255131966
0 0.4814453125 0.7280058651026393 0.08984375 0.21994134897360704
0 0.35107421875 0.6994134897360704 0.052734375 0.2624633431085044
0 0.287109375 0.7683284457478006 0.08984375 0.21700879765395895
0 0.2841796875 0.6070381231671554 0.0869140625 0.06158357771260997