1 0.57470703125 0.6529947916666666 0.033203125 0.22786458333333334
1 0.60400390625 0.66015625 0.029296875 0.24088541666666666
0 0.3623046875 0.3365885416666667 0.0546875 0.20963541666666666
0 0.4306640625 0.333984375 0.06640625 0.21744791666666666
0 0.5986328125 0.23697916666666666 0.111328125 0.0703125
0 0.7236328125 0.20572916666666666 0.142578125 0.07552083333333333
0 0.2197265625 0.908203125 0.1162109375 0.171875
0 0.32763671875 0.8541666666666666 0.087890625 0.16927083333333334
0 0.4306640625 0.830078125 0.072265625 0.1875
0 0.07275390625 0.94140625 0.1298828125 0.1171875
0 0.49951171875 0.33203125 0.04296875 0.22786458333333334