1 0.14977973568281938 0.6015625 0.020558002936857563 0.025390625
1 0.16079295154185022 0.6708984375 0.023494860499265784 0.0302734375
1 0.17180616740088106 0.73974609375 0.01908957415565345 0.015625
0 0.14904552129221732 0.61328125 0.22026431718061673 0.0654296875
0 0.16593245227606462 0.6806640625 0.21292217327459617 0.0693359375
0 0.17254038179148312 0.74658203125 0.20998531571218795 0.0595703125
1 0.7679882525697503 0.5537109375 0.04552129221732746 0.0234375
1 0.7679882525697503 0.59912109375 0.05873715124816446 0.029296875
0 0.7599118942731278 0.55810546875 0.1013215859030837 0.0419921875
0 0.7657856093979442 0.60693359375 0.08663729809104258 0.0419921875
1 0.9691629955947136 0.5341796875 0.05286343612334802 0.0263671875
0 0.9155653450807636 0.5361328125 0.16886930983847284 0.044921875