1 0.148721399730821 0.34716796875 0.14535666218034993 0.052734375
1 0.49865410497981155 0.38623046875 0.1117092866756393 0.052734375
1 0.49730820995962316 0.49462890625 0.10363391655450875 0.052734375
1 0.4946164199192463 0.63134765625 0.10767160161507403 0.037109375
1 0.49327052489905787 0.80078125 0.09286675639300135 0.037109375
1 0.8391655450874832 0.365234375 0.09690444145356662 0.0361328125
1 0.7328398384925976 0.13818359375 0.05652759084791386 0.029296875
1 0.8014804845222072 0.1103515625 0.06056527590847914 0.03515625
0 0.11776581426648722 0.61181640625 0.23014804845222073 0.6240234375
0 0.47039030955585465 0.37939453125 0.4104979811574697 0.10546875
0 0.4676985195154778 0.48681640625 0.41318977119784656 0.0927734375
0 0.45827725437415884 0.623046875 0.414535666218035 0.1318359375
0 0.46567967698519513 0.78662109375 0.4078061911170929 0.0986328125
0 0.8095558546433378 0.6220703125 0.19784656796769853 0.5302734375
0 0.680349932705249 0.09912109375 0.15746971736204576 0.1376953125
0 0.8775235531628532 0.08056640625 0.20592193808882908 0.0859375
0 0.9703903095558546 0.64013671875 0.059219380888290714 0.6416015625