1 0.80517578125 0.8052708638360175 0.142578125 0.232796486090776
1 0.5263671875 0.1698389458272328 0.0732421875 0.15080527086383602
1 0.517578125 0.6691068814055637 0.08203125 0.17569546120058566
1 0.37548828125 0.5915080527086384 0.06640625 0.14494875549048317
1 0.37841796875 0.23572474377745242 0.0634765625 0.1259150805270864
1 0.287109375 0.2540263543191801 0.052734375 0.10834553440702782
0 0.3203125 0.25329428989751096 0.0830078125 0.23718887262079064
0 0.41455078125 0.2518301610541728 0.1162109375 0.2840409956076135
0 0.578125 0.22035139092240116 0.1826171875 0.34260614934114203
1 0.7587890625 0.0951683748169839 0.115234375 0.17130307467057102
0 0.849609375 0.24011713030746706 0.30078125 0.39970717423133234
0 0.85107421875 0.7210834553440703 0.2978515625 0.5446559297218155
0 0.5751953125 0.6654465592972182 0.18359375 0.40263543191800877
0 0.41015625 0.5878477306002928 0.1142578125 0.29282576866764276