1 0.31396484375 0.2877604166666667 0.0205078125 0.02734375
1 0.34326171875 0.814453125 0.0244140625 0.03515625
1 0.34326171875 0.9375 0.017578125 0.033854166666666664
1 0.83056640625 0.2845052083333333 0.017578125 0.02734375
1 0.97998046875 0.8307291666666666 0.0244140625 0.029947916666666668
1 0.4951171875 0.06575520833333333 0.015625 0.032552083333333336
1 0.453125 0.055338541666666664 0.0185546875 0.029947916666666668
0 0.2275390625 0.17578125 0.1943359375 0.32421875
0 0.41650390625 0.059244791666666664 0.111328125 0.07942708333333333
0 0.5263671875 0.059244791666666664 0.1015625 0.09895833333333333
0 0.6357421875 0.15559895833333334 0.1142578125 0.2721354166666667
0 0.7861328125 0.18359375 0.1171875 0.2669270833333333
0 0.32177734375 0.8170572916666666 0.1611328125 0.08463541666666667
0 0.333984375 0.9368489583333334 0.1552734375 0.09895833333333333
0 0.767578125 0.7805989583333334 0.0712890625 0.3059895833333333
0 0.9189453125 0.8092447916666666 0.1484375 0.12369791666666667