1 0.4697265625 0.51171875 0.13671875 0.037760416666666664
1 0.47021484375 0.6295572916666666 0.1328125 0.040364583333333336
1 0.47900390625 0.8190104166666666 0.1328125 0.037760416666666664
1 0.11279296875 0.5657552083333334 0.1083984375 0.026041666666666668
1 0.1240234375 0.67578125 0.1064453125 0.045572916666666664
1 0.13720703125 0.8014322916666666 0.099609375 0.02734375
1 0.1474609375 0.90625 0.0966796875 0.045572916666666664
1 0.98193359375 0.697265625 0.0361328125 0.033854166666666664
1 0.986328125 0.4309895833333333 0.02734375 0.0234375
1 0.2216796875 0.039713541666666664 0.0185546875 0.059895833333333336
1 0.6015625 0.026692708333333332 0.0107421875 0.041666666666666664
0 0.45849609375 0.5266927083333334 0.4189453125 0.06380208333333333
0 0.46923828125 0.677734375 0.404296875 0.12760416666666666
0 0.4814453125 0.8450520833333334 0.388671875 0.12630208333333334
0 0.97021484375 0.7259114583333334 0.0595703125 0.12369791666666667
0 0.97314453125 0.5338541666666666 0.0537109375 0.24348958333333334
0 0.1279296875 0.576171875 0.234375 0.08333333333333333
0 0.1318359375 0.6861979166666666 0.23828125 0.0859375
0 0.1357421875 0.7994791666666666 0.248046875 0.09244791666666667
0 0.1494140625 0.92578125 0.228515625 0.13151041666666666
0 0.1318359375 0.050130208333333336 0.263671875 0.08072916666666667
0 0.69189453125 0.027994791666666668 0.216796875 0.053385416666666664