1 0.12627737226277372 0.080078125 0.029197080291970802 0.029296875
1 0.12116788321167883 0.1904296875 0.026277372262773723 0.033203125
1 0.12116788321167883 0.2998046875 0.026277372262773723 0.0224609375
1 0.3686131386861314 0.30078125 0.035036496350364967 0.03515625
1 0.618978102189781 0.2900390625 0.027737226277372264 0.033203125
1 0.6226277372262774 0.18408203125 0.029197080291970802 0.0322265625
1 0.8824817518248175 0.060546875 0.029197080291970802 0.0234375
1 0.8824817518248175 0.17578125 0.030656934306569343 0.0400390625
1 0.8817518248175182 0.29150390625 0.032116788321167884 0.0390625
1 0.8773722627737226 0.404296875 0.029197080291970802 0.02734375
1 0.6197080291970803 0.4091796875 0.024817518248175182 0.029296875
1 0.6197080291970803 0.52099609375 0.026277372262773723 0.0361328125
1 0.878102189781022 0.52490234375 0.02335766423357664 0.02734375
1 0.36934306569343067 0.404296875 0.02335766423357664 0.02734375
1 0.12992700729927006 0.6640625 0.033576642335766425 0.01953125
1 0.36715328467153285 0.87841796875 0.032116788321167884 0.0263671875
1 0.36934306569343067 0.666015625 0.02335766423357664 0.0263671875
1 0.6153284671532847 0.666015625 0.027737226277372264 0.0234375
1 0.872992700729927 0.666015625 0.020437956204379562 0.0263671875
1 0.8671532846715329 0.7724609375 0.01897810218978102 0.0224609375
1 0.8664233576642336 0.88818359375 0.021897810218978103 0.0263671875
1 0.6153284671532847 0.8828125 0.030656934306569343 0.0234375
1 0.6226277372262774 0.78271484375 0.030656934306569343 0.037109375
1 0.13138686131386862 0.9873046875 0.032116788321167884 0.025390625
0 0.12992700729927006 0.0576171875 0.21313868613138687 0.08203125
0 0.13138686131386862 0.16259765625 0.21751824817518248 0.09765625
0 0.13211678832116788 0.27294921875 0.21605839416058395 0.08984375
0 0.12773722627737227 0.37841796875 0.22043795620437956 0.0849609375
0 0.1291970802919708 0.4873046875 0.2291970802919708 0.0830078125
0 0.13284671532846715 0.62841796875 0.21897810218978103 0.095703125
0 0.13722627737226278 0.7314453125 0.21751824817518248 0.095703125
0 0.1386861313868613 0.833984375 0.21897810218978103 0.1044921875
0 0.14087591240875913 0.9404296875 0.2145985401459854 0.10546875
1 0.36934306569343067 0.080078125 0.02335766423357664 0.03515625
0 0.37445255474452555 0.048828125 0.21605839416058395 0.0830078125
0 0.37372262773722625 0.14794921875 0.22481751824817517 0.08984375
0 0.37445255474452555 0.267578125 0.22335766423357664 0.0849609375
0 0.3708029197080292 0.37646484375 0.21897810218978103 0.0947265625
0 0.37445255474452555 0.48828125 0.20583941605839415 0.0927734375
0 0.372992700729927 0.6318359375 0.21021897810218979 0.099609375
0 0.3759124087591241 0.73828125 0.21021897810218979 0.0986328125
0 0.37445255474452555 0.84814453125 0.21897810218978103 0.095703125
0 0.3759124087591241 0.947265625 0.21021897810218979 0.0947265625
0 0.6248175182481752 0.03759765625 0.22043795620437956 0.0693359375
0 0.6204379562043796 0.1513671875 0.22481751824817517 0.0888671875
0 0.6248175182481752 0.267578125 0.22335766423357664 0.107421875
0 0.6240875912408759 0.3701171875 0.22627737226277372 0.0986328125
0 0.6226277372262774 0.490234375 0.2291970802919708 0.0859375
0 0.6204379562043796 0.6328125 0.21897810218978103 0.095703125
0 0.6160583941605839 0.73974609375 0.2291970802919708 0.1044921875
0 0.6182481751824818 0.8486328125 0.22481751824817517 0.0947265625
0 0.6131386861313869 0.9541015625 0.22481751824817517 0.091796875
0 0.862043795620438 0.9560546875 0.2364963503649635 0.087890625
0 0.8664233576642336 0.8515625 0.22773722627737225 0.1025390625
0 0.8635036496350365 0.740234375 0.23503649635036497 0.0947265625
0 0.8693430656934307 0.63330078125 0.23503649635036497 0.1083984375
0 0.8722627737226277 0.4873046875 0.22773722627737225 0.111328125
0 0.8737226277372263 0.37060546875 0.22773722627737225 0.09765625
0 0.878102189781022 0.26318359375 0.22773722627737225 0.0927734375
0 0.8715328467153285 0.1474609375 0.23941605839416058 0.1025390625
0 0.8759124087591241 0.03955078125 0.22335766423357664 0.0712890625