1 0.0859375 0.6946614583333334 0.03125 0.08854166666666667
1 0.23046875 0.537109375 0.087890625 0.045572916666666664
1 0.234375 0.6516927083333334 0.0810546875 0.061197916666666664
1 0.25439453125 0.7623697916666666 0.0693359375 0.05859375
1 0.56201171875 0.96875 0.080078125 0.045572916666666664
1 0.16162109375 0.87890625 0.0234375 0.0859375
0 0.0537109375 0.6458333333333334 0.1064453125 0.453125
0 0.240234375 0.5149739583333334 0.2744140625 0.16927083333333334
0 0.24951171875 0.642578125 0.275390625 0.14583333333333334
0 0.2548828125 0.7591145833333334 0.2587890625 0.15104166666666666
0 0.2529296875 0.8815104166666666 0.248046875 0.23697916666666666
0 0.57421875 0.9309895833333334 0.3701171875 0.13802083333333334