1 0.501953125 0.55126953125 0.029947916666666668 0.0419921875
1 0.7233072916666666 0.58740234375 0.033854166666666664 0.0419921875
1 0.611328125 0.75048828125 0.022135416666666668 0.0263671875
1 0.5436197916666666 0.19873046875 0.028645833333333332 0.0390625
1 0.7779947916666666 0.19873046875 0.03125 0.0361328125
1 0.7877604166666666 0.10498046875 0.026041666666666668 0.0322265625
1 0.5494791666666666 0.10986328125 0.03125 0.0419921875
0 0.5618489583333334 0.1123046875 0.20182291666666666 0.072265625
0 0.7923177083333334 0.10986328125 0.23828125 0.0888671875
0 0.6868489583333334 0.19873046875 0.4309895833333333 0.0859375
0 0.5182291666666666 0.54931640625 0.20052083333333334 0.0927734375
0 0.7252604166666666 0.58349609375 0.21223958333333334 0.1142578125
0 0.7037760416666666 0.76123046875 0.19661458333333334 0.2529296875
0 0.505859375 0.7275390625 0.18229166666666666 0.2392578125
1 0.3697916666666667 0.46923828125 0.033854166666666664 0.052734375
0 0.22526041666666666 0.43408203125 0.3424479166666667 0.693359375