1 0.63330078125 0.6217447916666666 0.01953125 0.026041666666666668
1 0.6875 0.6158854166666666 0.017578125 0.0234375
1 0.68212890625 0.5670572916666666 0.017578125 0.020833333333333332
1 0.62890625 0.5690104166666666 0.013671875 0.0234375
1 0.6259765625 0.669921875 0.01171875 0.020833333333333332
1 0.6826171875 0.6588541666666666 0.0146484375 0.028645833333333332
1 0.8515625 0.5657552083333334 0.013671875 0.026041666666666668
1 0.283203125 0.6204427083333334 0.0224609375 0.045572916666666664
1 0.310546875 0.5690104166666666 0.01953125 0.03515625
1 0.2919921875 0.7200520833333334 0.0166015625 0.04296875
1 0.3173828125 0.6412760416666666 0.013671875 0.037760416666666664
1 0.2880859375 0.814453125 0.021484375 0.04296875
1 0.318359375 0.712890625 0.0166015625 0.028645833333333332
1 0.30029296875 0.9016927083333334 0.021484375 0.049479166666666664
1 0.32763671875 0.7786458333333334 0.0146484375 0.032552083333333336
0 0.6298828125 0.5703125 0.0546875 0.037760416666666664
0 0.6796875 0.5625 0.0517578125 0.044270833333333336
0 0.65966796875 0.6165364583333334 0.1025390625 0.0390625
0 0.65234375 0.6647135416666666 0.09375 0.037760416666666664
0 0.29296875 0.6015625 0.060546875 0.10807291666666667
0 0.296875 0.70703125 0.0654296875 0.13932291666666666
0 0.3056640625 0.8671875 0.06640625 0.16536458333333334
0 0.62548828125 0.431640625 0.044921875 0.18880208333333334
0 0.67529296875 0.4375 0.04296875 0.17447916666666666
1 0.1220703125 0.966796875 0.0390625 0.0390625