1 0.3203125 0.5391304347826087 0.060546875 0.03602484472049689
1 0.671875 0.5347826086956522 0.076171875 0.031055900621118012
1 0.6865234375 0.7223602484472049 0.0791015625 0.04472049689440994
1 0.3037109375 0.7329192546583851 0.087890625 0.04596273291925466
1 0.32763671875 0.8329192546583851 0.06640625 0.043478260869565216
1 0.66845703125 0.8316770186335404 0.0615234375 0.04472049689440994
1 0.6650390625 0.9739130434782609 0.068359375 0.03850931677018633
1 0.33251953125 0.9751552795031055 0.0771484375 0.03850931677018633
0 0.4951171875 0.8571428571428571 0.513671875 0.08944099378881988
0 0.494140625 0.9521739130434783 0.498046875 0.09565217391304348
0 0.4931640625 0.7180124223602484 0.587890625 0.14782608695652175
0 0.49365234375 0.5273291925465838 0.5283203125 0.1763975155279503