1 0.3798828125 0.6010248901903368 0.0185546875 0.060029282576866766
1 0.28515625 0.6222547584187409 0.017578125 0.055636896046852125
1 0.24951171875 0.6295754026354319 0.01953125 0.06588579795021962
1 0.84033203125 0.5183016105417276 0.04296875 0.040995607613469986
1 0.5419921875 0.41654465592972184 0.109375 0.040995607613469986
1 0.61669921875 0.5285505124450952 0.013671875 0.04538799414348463
1 0.6328125 0.26281112737920936 0.0078125 0.036603221083455345
1 0.64599609375 0.26281112737920936 0.0126953125 0.03953147877013177
1 0.72265625 0.4956076134699854 0.013671875 0.0527086383601757
1 0.66845703125 0.5080527086383602 0.0849609375 0.040995607613469986
0 0.6162109375 0.24084919472913616 0.0458984375 0.10395314787701318
0 0.65869140625 0.24377745241581258 0.044921875 0.10102489019033675
0 0.72900390625 0.5300146412884333 0.0439453125 0.14641288433382138
0 0.60888671875 0.5805270863836017 0.01953125 0.16691068814055637
0 0.421875 0.6559297218155198 0.1123046875 0.19326500732064422
0 0.3173828125 0.7020497803806734 0.095703125 0.24597364568081992
0 0.22412109375 0.6566617862371888 0.076171875 0.12445095168374817