1 0.4830729166666667 0.353515625 0.057291666666666664 0.2294921875
1 0.4765625 0.58740234375 0.045572916666666664 0.1865234375
1 0.6165364583333334 0.779296875 0.024739583333333332 0.0615234375
0 0.6692708333333334 0.8408203125 0.13671875 0.1962890625
1 0.6764322916666666 0.70751953125 0.028645833333333332 0.0234375
0 0.6861979166666666 0.71044921875 0.16145833333333334 0.08203125
1 0.7610677083333334 0.21826171875 0.024739583333333332 0.0693359375
1 0.8587239583333334 0.2578125 0.07421875 0.037109375
1 0.4251302083333333 0.05419921875 0.026041666666666668 0.0556640625
1 0.494140625 0.04248046875 0.037760416666666664 0.0595703125
0 0.3541666666666667 0.0478515625 0.16927083333333334 0.0732421875
0 0.5891927083333334 0.04150390625 0.26171875 0.080078125
0 0.7688802083333334 0.1689453125 0.06380208333333333 0.2373046875
0 0.87890625 0.189453125 0.11067708333333333 0.2236328125