1 0.71142578125 0.494140625 0.01953125 0.033854166666666664
1 0.8330078125 0.5149739583333334 0.017578125 0.036458333333333336
1 0.8330078125 0.5872395833333334 0.015625 0.033854166666666664
1 0.82763671875 0.6575520833333334 0.017578125 0.032552083333333336
1 0.82568359375 0.7233072916666666 0.0185546875 0.036458333333333336
1 0.82568359375 0.7890625 0.0126953125 0.029947916666666668
1 0.712890625 0.7467447916666666 0.0166015625 0.028645833333333332
1 0.7138671875 0.6829427083333334 0.0146484375 0.026041666666666668
1 0.7109375 0.62109375 0.017578125 0.02734375
1 0.71240234375 0.556640625 0.017578125 0.029947916666666668
0 0.77392578125 0.50390625 0.14453125 0.06901041666666667
0 0.77197265625 0.564453125 0.146484375 0.09635416666666667
0 0.77392578125 0.6315104166666666 0.154296875 0.07421875
0 0.77197265625 0.6946614583333334 0.1513671875 0.08854166666666667
0 0.7724609375 0.7727864583333334 0.1484375 0.11197916666666667