0 0.8583984375 0.8101851851851852 0.037109375 0.037037037037037035
0 0.8603515625 0.8503086419753086 0.0400390625 0.06018518518518518
0 0.86083984375 0.8873456790123457 0.0439453125 0.06172839506172839
0 0.2392578125 0.7191358024691358 0.025390625 0.037037037037037035
0 0.26123046875 0.7060185185185185 0.0322265625 0.029320987654320986
0 0.2529296875 0.7422839506172839 0.0400390625 0.047839506172839504
0 0.255859375 0.7777777777777778 0.044921875 0.041666666666666664
0 0.248046875 0.8209876543209876 0.056640625 0.05555555555555555
1 0.23779296875 0.8310185185185185 0.009765625 0.029320987654320986
1 0.26123046875 0.8055555555555556 0.01953125 0.030864197530864196
1 0.2392578125 0.7191358024691358 0.015625 0.038580246913580245
1 0.2626953125 0.7083333333333334 0.0126953125 0.030864197530864196
1 0.23681640625 0.7554012345679012 0.017578125 0.027777777777777776
1 0.2666015625 0.7407407407407407 0.017578125 0.029320987654320986
1 0.2685546875 0.7731481481481481 0.0107421875 0.032407407407407406
1 0.2392578125 0.7893518518518519 0.013671875 0.026234567901234566
1 0.8525390625 0.8125 0.0185546875 0.030864197530864196
1 0.84912109375 0.8503086419753086 0.0185546875 0.032407407407407406
1 0.85205078125 0.8912037037037037 0.01953125 0.015432098765432098