1 0.6708984375 0.46435546875 0.078125 0.037109375
1 0.6748046875 0.37939453125 0.0830078125 0.0419921875
1 0.677734375 0.28955078125 0.0791015625 0.037109375
1 0.67138671875 0.548828125 0.076171875 0.0361328125
1 0.3330078125 0.330078125 0.0791015625 0.03515625
1 0.1611328125 0.32421875 0.0791015625 0.0400390625
0 0.6748046875 0.322265625 0.5078125 0.0830078125
0 0.67431640625 0.40625 0.5029296875 0.087890625
0 0.67236328125 0.498046875 0.498046875 0.08203125
0 0.67236328125 0.58935546875 0.4931640625 0.095703125
0 0.3359375 0.47705078125 0.1748046875 0.318359375
0 0.1650390625 0.4716796875 0.1728515625 0.3232421875