1 0.6321022727272727 0.2625 0.24147727272727273 0.04375
1 0.30113636363636365 0.26171875 0.23863636363636365 0.0484375
1 0.5525568181818182 0.040625 0.05965909090909091 0.08125
1 0.40482954545454547 0.03671875 0.06534090909090909 0.0734375
1 0.2997159090909091 0.38046875 0.22443181818181818 0.0390625
1 0.6392045454545454 0.3765625 0.20454545454545456 0.034375
0 0.26136363636363635 0.109375 0.42613636363636365 0.21875
0 0.6576704545454546 0.1140625 0.3380681818181818 0.228125
0 0.4446022727272727 0.2796875 0.71875 0.121875
0 0.3196022727272727 0.51484375 0.3210227272727273 0.3453125
0 0.625 0.50078125 0.2784090909090909 0.3109375