1 0.4368489583333333 0.3916015625 0.036458333333333336 0.033203125
1 0.634765625 0.40625 0.033854166666666664 0.0234375
0 0.4518229166666667 0.39111328125 0.14192708333333334 0.0712890625
0 0.6451822916666666 0.4111328125 0.17317708333333334 0.078125
1 0.5182291666666666 0.58203125 0.08072916666666667 0.033203125
1 0.51953125 0.65673828125 0.07682291666666667 0.044921875
1 0.5240885416666666 0.73193359375 0.07161458333333333 0.044921875
0 0.533203125 0.7626953125 0.2877604166666667 0.111328125
0 0.5305989583333334 0.689453125 0.29296875 0.115234375
0 0.52734375 0.6162109375 0.3059895833333333 0.107421875
1 0.4518229166666667 0.8193359375 0.029947916666666668 0.025390625
1 0.609375 0.86181640625 0.032552083333333336 0.029296875
1 0.4505208333333333 0.93310546875 0.028645833333333332 0.0302734375
1 0.599609375 0.98486328125 0.020833333333333332 0.01953125
0 0.533203125 0.94775390625 0.2682291666666667 0.0986328125
0 0.4713541666666667 0.8203125 0.14713541666666666 0.087890625
0 0.6282552083333334 0.86181640625 0.14453125 0.0849609375
0 0.2708333333333333 0.59521484375 0.20182291666666666 0.29296875
0 0.7747395833333334 0.701171875 0.0703125 0.3779296875
1 0.5598958333333334 0.47998046875 0.06380208333333333 0.029296875
0 0.5690104166666666 0.49658203125 0.3216145833333333 0.0927734375