1 0.1083984375 0.4244791666666667 0.025390625 0.17317708333333334
1 0.0869140625 0.427734375 0.021484375 0.16927083333333334
1 0.3828125 0.5748697916666666 0.0185546875 0.029947916666666668
1 0.44091796875 0.6380208333333334 0.0224609375 0.03515625
1 0.61181640625 0.3515625 0.0205078125 0.029947916666666668
1 0.9814453125 0.2513020833333333 0.021484375 0.0390625
1 0.65673828125 0.638671875 0.02734375 0.044270833333333336
0 0.37890625 0.587890625 0.138671875 0.059895833333333336
0 0.3828125 0.7473958333333334 0.1435546875 0.26171875
0 0.654296875 0.6595052083333334 0.033203125 0.11979166666666667
0 0.6640625 0.22981770833333334 0.1279296875 0.2825520833333333
0 0.91650390625 0.13932291666666666 0.1591796875 0.24869791666666666
1 0.9814453125 0.3860677083333333 0.029296875 0.0390625
0 0.9169921875 0.3326822916666667 0.166015625 0.12630208333333334
0 0.53173828125 0.2109375 0.119140625 0.25
0 0.6240234375 0.8111979166666666 0.0302734375 0.08854166666666667
0 0.6201171875 0.6809895833333334 0.0263671875 0.1015625
0 0.2685546875 0.125 0.1181640625 0.07161458333333333
0 0.1416015625 0.11002604166666667 0.107421875 0.06640625