1 0.3424479166666667 0.271484375 0.018229166666666668 0.0322265625
1 0.3671875 0.26806640625 0.0234375 0.0419921875
1 0.6477864583333334 0.4423828125 0.018229166666666668 0.037109375
1 0.6770833333333334 0.4462890625 0.024739583333333332 0.037109375
1 0.759765625 0.67578125 0.026041666666666668 0.029296875
1 0.7473958333333334 0.72314453125 0.020833333333333332 0.029296875
1 0.7701822916666666 0.720703125 0.020833333333333332 0.0224609375
0 0.22981770833333334 0.1640625 0.22395833333333334 0.2392578125
0 0.4401041666666667 0.18603515625 0.18880208333333334 0.216796875
0 0.6106770833333334 0.28955078125 0.10416666666666667 0.318359375
0 0.697265625 0.29443359375 0.09114583333333333 0.30859375
0 0.7526041666666666 0.66650390625 0.16536458333333334 0.05859375
0 0.7109375 0.80126953125 0.09244791666666667 0.1865234375
0 0.7981770833333334 0.7861328125 0.07291666666666667 0.158203125