1 0.3330078125 0.8450520833333334 0.0224609375 0.026041666666666668
1 0.49267578125 0.861328125 0.025390625 0.02734375
1 0.49462890625 0.9908854166666666 0.0185546875 0.018229166666666668
1 0.33642578125 0.9791666666666666 0.025390625 0.029947916666666668
1 0.77685546875 0.8229166666666666 0.0302734375 0.040364583333333336
1 0.12939453125 0.7584635416666666 0.03515625 0.022135416666666668
1 0.02734375 0.75 0.025390625 0.024739583333333332
1 0.060546875 0.8444010416666666 0.0146484375 0.024739583333333332
1 0.09228515625 0.8522135416666666 0.017578125 0.0234375
0 0.037109375 0.7545572916666666 0.0693359375 0.07682291666666667
0 0.12548828125 0.7662760416666666 0.099609375 0.08463541666666667
0 0.224609375 0.8424479166666666 0.0693359375 0.22916666666666666
0 0.1298828125 0.89453125 0.080078125 0.10807291666666667
0 0.0380859375 0.880859375 0.068359375 0.1171875
0 0.4189453125 0.8580729166666666 0.28515625 0.10026041666666667
0 0.4130859375 0.958984375 0.2900390625 0.08203125
0 0.6181640625 0.8860677083333334 0.068359375 0.22786458333333334
0 0.7783203125 0.8209635416666666 0.185546875 0.09114583333333333
0 0.7744140625 0.943359375 0.1806640625 0.11328125
0 0.0771484375 0.3079427083333333 0.119140625 0.28515625
0 0.205078125 0.302734375 0.126953125 0.2799479166666667
0 0.70947265625 0.30078125 0.150390625 0.3346354166666667
0 0.88427734375 0.2994791666666667 0.150390625 0.3346354166666667