1 0.5 0.5219941348973607 0.025390625 0.8665689149560117
1 0.52294921875 0.5212609970674487 0.017578125 0.8680351906158358
0 0.1572265625 0.7602639296187683 0.146484375 0.32111436950146627
0 0.30517578125 0.7602639296187683 0.146484375 0.3152492668621701
0 0.3046875 0.5461876832844574 0.1484375 0.0967741935483871
0 0.158203125 0.5483870967741935 0.146484375 0.09970674486803519
0 0.75927734375 0.3497067448680352 0.1484375 0.43548387096774194
0 0.75244140625 0.7382697947214076 0.150390625 0.3343108504398827
0 0.90673828125 0.7412023460410557 0.142578125 0.3460410557184751
0 0.9052734375 0.3497067448680352 0.1494140625 0.4310850439882698
0 0.7578125 0.07038123167155426 0.1484375 0.11290322580645161
0 0.90087890625 0.07258064516129033 0.146484375 0.1217008797653959