1 0.2626953125 0.717008797653959 0.017578125 0.0689149560117302
1 0.2587890625 0.5835777126099707 0.0185546875 0.06158357771260997
1 0.6552734375 0.44941348973607037 0.013671875 0.039589442815249266
1 0.6357421875 0.45527859237536655 0.013671875 0.030791788856304986
1 0.61865234375 0.6664222873900293 0.025390625 0.02785923753665689
1 0.71240234375 0.6708211143695014 0.0390625 0.03372434017595308
1 0.65478515625 0.7280058651026393 0.0205078125 0.04105571847507331
1 0.6748046875 0.7338709677419355 0.009765625 0.045454545454545456
0 0.61962890625 0.35997067448680353 0.0498046875 0.23313782991202345
0 0.67236328125 0.3548387096774194 0.052734375 0.2404692082111437
0 0.61669921875 0.6700879765395894 0.083984375 0.04252199413489736
0 0.70654296875 0.6722873900293255 0.072265625 0.036656891495601175
0 0.61572265625 0.7756598240469208 0.0986328125 0.1598240469208211
0 0.6865234375 0.7763929618768328 0.044921875 0.15542521994134897