1 0.67724609375 0.6139322916666666 0.025390625 0.21354166666666666
1 0.6826171875 0.3723958333333333 0.0234375 0.20572916666666666
1 0.69140625 0.17317708333333334 0.009765625 0.026041666666666668
1 0.7080078125 0.17317708333333334 0.01171875 0.026041666666666668
1 0.5087890625 0.2421875 0.0185546875 0.026041666666666668
1 0.486328125 0.24283854166666666 0.01953125 0.02734375
1 0.5615234375 0.6315104166666666 0.03515625 0.045572916666666664
1 0.55517578125 0.7044270833333334 0.033203125 0.029947916666666668
1 0.2109375 0.7311197916666666 0.0107421875 0.026041666666666668
1 0.1884765625 0.7369791666666666 0.01953125 0.032552083333333336
1 0.171875 0.13216145833333334 0.013671875 0.02734375
1 0.19091796875 0.12369791666666667 0.0166015625 0.022135416666666668
1 0.38916015625 0.3157552083333333 0.017578125 0.026041666666666668
0 0.1162109375 0.07356770833333333 0.115234375 0.14192708333333334
0 0.2353515625 0.08268229166666667 0.1162109375 0.14322916666666666
0 0.34814453125 0.17578125 0.09765625 0.3203125
0 0.4482421875 0.13802083333333334 0.0966796875 0.234375
0 0.5458984375 0.13802083333333334 0.08984375 0.234375
0 0.6435546875 0.111328125 0.1064453125 0.15885416666666666
0 0.7490234375 0.12109375 0.0966796875 0.16145833333333334
0 0.55908203125 0.6243489583333334 0.130859375 0.048177083333333336
0 0.5556640625 0.7005208333333334 0.1259765625 0.048177083333333336
1 0.6181640625 0.7467447916666666 0.01171875 0.028645833333333332
0 0.55322265625 0.8157552083333334 0.126953125 0.14322916666666666
0 0.25830078125 0.837890625 0.123046875 0.25390625
0 0.1455078125 0.853515625 0.1279296875 0.2513020833333333