1 0.79638671875 0.443359375 0.0146484375 0.06901041666666667
1 0.796875 0.537109375 0.013671875 0.10677083333333333
0 0.08935546875 0.3333333333333333 0.07421875 0.15885416666666666
0 0.17138671875 0.3365885416666667 0.091796875 0.16796875
0 0.2607421875 0.3404947916666667 0.0859375 0.16145833333333334
0 0.3369140625 0.3404947916666667 0.0693359375 0.13932291666666666
0 0.56689453125 0.34765625 0.0458984375 0.12890625
0 0.6162109375 0.361328125 0.0400390625 0.12239583333333333
0 0.6572265625 0.3645833333333333 0.041015625 0.11588541666666667
0 0.69775390625 0.3235677083333333 0.0439453125 0.053385416666666664
0 0.7412109375 0.3170572916666667 0.0478515625 0.059895833333333336
0 0.78173828125 0.353515625 0.02734375 0.12369791666666667
0 0.85546875 0.3092447916666667 0.0732421875 0.040364583333333336
0 0.9228515625 0.3046875 0.0712890625 0.05078125
0 0.10205078125 0.65625 0.060546875 0.11588541666666667
0 0.1787109375 0.6497395833333334 0.0654296875 0.11979166666666667
0 0.251953125 0.650390625 0.0634765625 0.10677083333333333
0 0.32080078125 0.6373697916666666 0.056640625 0.11067708333333333
0 0.7587890625 0.6256510416666666 0.056640625 0.12109375