1 0.5712890625 0.28225806451612906 0.0107421875 0.09237536656891496
1 0.5615234375 0.28519061583577715 0.015625 0.08797653958944282
1 0.5087890625 0.28519061583577715 0.005859375 0.08211143695014662
1 0.50146484375 0.29105571847507333 0.0107421875 0.07917888563049853
1 0.34912109375 0.46480938416422285 0.0234375 0.020527859237536656
0 0.58740234375 0.19941348973607037 0.037109375 0.28152492668621704
0 0.5517578125 0.20967741935483872 0.03515625 0.2756598240469208
0 0.5283203125 0.2155425219941349 0.029296875 0.24193548387096775
0 0.4990234375 0.21700879765395895 0.0263671875 0.22727272727272727
0 0.3984375 0.22140762463343108 0.0283203125 0.1935483870967742
0 0.38037109375 0.22727272727272727 0.015625 0.18475073313782991
0 0.33935546875 0.532991202346041 0.01171875 0.12316715542521994
0 0.353515625 0.5461876832844574 0.0146484375 0.1217008797653959
0 0.3505859375 0.46774193548387094 0.033203125 0.04105571847507331
0 0.37939453125 0.532258064516129 0.025390625 0.0747800586510264
0 0.4111328125 0.5351906158357771 0.0283203125 0.06744868035190615
0 0.98291015625 0.4435483870967742 0.0263671875 0.08797653958944282
0 0.982421875 0.32697947214076245 0.03515625 0.10997067448680352
0 0.63525390625 0.18988269794721407 0.0546875 0.2785923753665689