1 0.3837890625 0.611328125 0.037109375 0.061197916666666664
1 0.39208984375 0.8365885416666666 0.03125 0.057291666666666664
1 0.6513671875 0.7161458333333334 0.03125 0.057291666666666664
1 0.65966796875 0.5130208333333334 0.0224609375 0.04296875
1 0.0234375 0.7389322916666666 0.029296875 0.055989583333333336
1 0.0576171875 0.9850260416666666 0.0244140625 0.029947916666666668
0 0.09521484375 0.8001302083333334 0.15625 0.22526041666666666
0 0.1103515625 0.966796875 0.15234375 0.06640625
0 0.3779296875 0.6725260416666666 0.2236328125 0.18359375
0 0.38916015625 0.888671875 0.208984375 0.13671875
0 0.65234375 0.5690104166666666 0.146484375 0.15364583333333334
0 0.646484375 0.75 0.134765625 0.13932291666666666