1 0.1533203125 0.5658857979502196 0.03125 0.12298682284040996
1 0.18359375 0.5651537335285505 0.03125 0.12005856515373353
1 0.8359375 0.4685212298682284 0.03125 0.03806734992679356
1 0.48583984375 0.5651537335285505 0.0126953125 0.07759882869692533
1 0.4990234375 0.554904831625183 0.017578125 0.07613469985358712
1 0.36865234375 0.6039531478770132 0.0576171875 0.04685212298682284
1 0.37060546875 0.732796486090776 0.056640625 0.032210834553440704
1 0.3798828125 0.8975109809663251 0.044921875 0.040995607613469986
1 0.51416015625 0.4568081991215227 0.0263671875 0.021961932650073207
1 0.6748046875 0.41800878477306 0.015625 0.024890190336749635
0 0.2138671875 0.5095168374816984 0.08984375 0.9194729136163983
0 0.36767578125 0.6017569546120058 0.111328125 0.07906295754026355
0 0.3662109375 0.7254758418740849 0.1064453125 0.12298682284040996
0 0.375 0.8857979502196194 0.0966796875 0.12005856515373353
0 0.45556640625 0.7101024890190337 0.0595703125 0.3235724743777452
0 0.51806640625 0.6676427525622255 0.044921875 0.3103953147877013