1 0.3583984375 0.38563049853372433 0.025390625 0.15102639296187684
1 0.3779296875 0.3878299120234604 0.01953125 0.16129032258064516
1 0.36962890625 0.5285923753665689 0.115234375 0.04838709677419355
1 0.1845703125 0.23387096774193547 0.017578125 0.045454545454545456
1 0.212890625 0.24193548387096775 0.0146484375 0.030791788856304986
1 0.1630859375 0.6290322580645161 0.0341796875 0.024926686217008796
1 0.2392578125 0.6085043988269795 0.0400390625 0.01906158357771261
0 0.20361328125 0.6121700879765396 0.138671875 0.06744868035190615
1 0.19775390625 0.4310850439882698 0.1171875 0.03225806451612903
1 0.1982421875 0.3460410557184751 0.1005859375 0.03372434017595308
0 0.15380859375 0.2089442815249267 0.0859375 0.10703812316715543
0 0.240234375 0.2126099706744868 0.076171875 0.09970674486803519
0 0.4521484375 0.27712609970674484 0.03515625 0.1436950146627566
0 0.49560546875 0.2763929618768328 0.041015625 0.13636363636363635
0 0.53955078125 0.2719941348973607 0.041015625 0.12756598240469208
0 0.57666015625 0.2961876832844575 0.03125 0.09824046920821114
0 0.4833984375 0.4633431085043988 0.05859375 0.02346041055718475
0 0.5380859375 0.4479472140762463 0.0283203125 0.02346041055718475
0 0.4814453125 0.4912023460410557 0.0537109375 0.02932551319648094
0 0.46337890625 0.532258064516129 0.0283203125 0.01906158357771261
0 0.46923828125 0.5674486803519062 0.037109375 0.02932551319648094