1 0.45361328125 0.24705882352941178 0.0068359375 0.23088235294117648
1 0.46826171875 0.2485294117647059 0.0068359375 0.2088235294117647
1 0.0908203125 0.5323529411764706 0.07421875 0.9352941176470588
1 0.59912109375 0.6088235294117647 0.1220703125 0.057352941176470586
1 0.5751953125 0.8205882352941176 0.111328125 0.052941176470588235
0 0.59326171875 0.7029411764705882 0.111328125 0.18088235294117647
0 0.57568359375 0.888235294117647 0.103515625 0.14558823529411766
0 0.556640625 0.1889705882352941 0.029296875 0.3382352941176471
0 0.46435546875 0.06102941176470588 0.08203125 0.10294117647058823
0 0.6943359375 0.23161764705882354 0.0302734375 0.23529411764705882
0 0.3857421875 0.03529411764705882 0.0283203125 0.07058823529411765