0 0.38515625 0.375 0.1390625 0.5354166666666667
0 0.3921875 0.6677083333333333 0.1296875 0.05
0 0.528125 0.365625 0.13125 0.5208333333333334
0 0.5265625 0.65 0.1234375 0.04791666666666667
0 0.45859375 0.7354166666666667 0.25625 0.08541666666666667
0 0.46015625 0.8395833333333333 0.25 0.10416666666666667
1 0.388921875 0.6716041666666667 0.015421875000000007 0.02706250000000002
1 0.463703125 0.7444583333333333 0.020781249999999928 0.028249999999999886
1 0.471859375 0.5015833333333333 0.017671874999999913 0.026979166666666644
1 0.465921875 0.847125 0.018421874999999942 0.027770833333333418
1 0.4545 0.5030416666666667 0.01626562499999995 0.025645833333333336
1 0.5291406249999999 0.6567500000000001 0.01682812499999997 0.02458333333333324