1 0.8515625 0.61376953125 0.029947916666666668 0.130859375
0 0.6790364583333334 0.58251953125 0.3880208333333333 0.16015625
0 0.3561197916666667 0.51025390625 0.24739583333333334 0.1123046875
0 0.15299479166666666 0.54150390625 0.13541666666666666 0.1884765625
1 0.20182291666666666 0.5380859375 0.02734375 0.037109375
0 0.3626302083333333 0.8154296875 0.22916666666666666 0.23046875
1 0.4694010416666667 0.54443359375 0.018229166666666668 0.0859375
1 0.4661458333333333 0.8681640625 0.032552083333333336 0.18359375
1 0.8177083333333334 0.93798828125 0.0234375 0.1240234375
1 0.62890625 0.28076171875 0.024739583333333332 0.1025390625
1 0.8606770833333334 0.2763671875 0.029947916666666668 0.119140625
0 0.3841145833333333 0.1201171875 0.19270833333333334 0.0986328125
0 0.56640625 0.13525390625 0.15625 0.076171875
0 0.4641927083333333 0.26611328125 0.3151041666666667 0.154296875
0 0.7506510416666666 0.26806640625 0.24348958333333334 0.1337890625