0 0.49921875 0.26979166666666665 0.2375 0.1375
0 0.50078125 0.403125 0.23125 0.12916666666666668
0 0.5015625 0.5291666666666667 0.225 0.12291666666666666
0 0.503125 0.6489583333333333 0.21875 0.11666666666666667
0 0.50390625 0.7635416666666667 0.2125 0.1125
0 0.50546875 0.8708333333333333 0.2078125 0.10208333333333333
1 0.49889062500000003 0.2779375 0.08035937499999993 0.060208333333333315
1 0.498328125 0.41410416666666666 0.0859375 0.06764583333333327
1 0.501671875 0.5405833333333334 0.08146874999999998 0.06466666666666665
1 0.502796875 0.769 0.07478125000000002 0.07210416666666669
1 0.502796875 0.6636875 0.07478125000000002 0.056541666666666636
1 0.50390625 0.8831875 0.0703125 0.06102083333333326