1 0.6256510416666666 0.392578125 0.13802083333333334 0.0595703125
1 0.6087239583333334 0.61474609375 0.1171875 0.056640625
1 0.5989583333333334 0.78076171875 0.09895833333333333 0.0419921875
1 0.5970052083333334 0.90283203125 0.08854166666666667 0.0390625
1 0.2858072916666667 0.69873046875 0.09505208333333333 0.0361328125
1 0.24479166666666666 0.5478515625 0.10677083333333333 0.0458984375
1 0.193359375 0.3515625 0.12630208333333334 0.0390625
0 0.20052083333333334 0.30078125 0.2994791666666667 0.2099609375
0 0.23958333333333334 0.51318359375 0.28125 0.1650390625
0 0.28515625 0.67724609375 0.21223958333333334 0.1123046875
0 0.6197916666666666 0.3310546875 0.3971354166666667 0.234375
0 0.6171875 0.5625 0.3307291666666667 0.1943359375
0 0.6028645833333334 0.74365234375 0.26953125 0.1455078125
0 0.6126302083333334 0.8896484375 0.22265625 0.12890625