1 0.39794921875 0.724609375 0.0400390625 0.028645833333333332
1 0.40234375 0.7747395833333334 0.033203125 0.02734375
1 0.40087890625 0.8235677083333334 0.029296875 0.02734375
1 0.4052734375 0.8860677083333334 0.03515625 0.029947916666666668
1 0.537109375 0.9212239583333334 0.0380859375 0.032552083333333336
1 0.54736328125 0.8717447916666666 0.037109375 0.028645833333333332
1 0.5419921875 0.8053385416666666 0.037109375 0.033854166666666664
1 0.65771484375 0.8756510416666666 0.0361328125 0.032552083333333336
1 0.6416015625 0.8359375 0.021484375 0.02734375
0 0.4033203125 0.7259114583333334 0.080078125 0.05078125
0 0.4033203125 0.7727864583333334 0.0810546875 0.0546875
0 0.41015625 0.8190104166666666 0.0625 0.048177083333333336
0 0.40869140625 0.875 0.076171875 0.05859375
0 0.54638671875 0.802734375 0.0791015625 0.044270833333333336
0 0.55419921875 0.857421875 0.072265625 0.0703125
0 0.54296875 0.9166666666666666 0.068359375 0.05859375
0 0.65185546875 0.833984375 0.083984375 0.05078125
0 0.6630859375 0.8880208333333334 0.0908203125 0.0625
0 0.650390625 0.9700520833333334 0.0771484375 0.059895833333333336