1 0.615234375 0.7180989583333334 0.017578125 0.09765625
1 0.63525390625 0.71484375 0.015625 0.07682291666666667
1 0.8251953125 0.5546875 0.05859375 0.03515625
1 0.6435546875 0.5579427083333334 0.0546875 0.037760416666666664
1 0.1474609375 0.8548177083333334 0.025390625 0.037760416666666664
1 0.1708984375 0.9420572916666666 0.0263671875 0.045572916666666664
0 0.13623046875 0.8587239583333334 0.0791015625 0.11197916666666667
0 0.16015625 0.9329427083333334 0.0830078125 0.11848958333333333
0 0.5791015625 0.7076822916666666 0.083984375 0.21744791666666666
0 0.6689453125 0.701171875 0.091796875 0.19661458333333334
0 0.63134765625 0.55859375 0.171875 0.02734375
0 0.822265625 0.560546875 0.19140625 0.05078125
0 0.7666015625 0.669921875 0.08203125 0.20182291666666666
0 0.85595703125 0.6796875 0.07421875 0.20963541666666666
1 0.82568359375 0.7024739583333334 0.015625 0.0859375
1 0.80224609375 0.701171875 0.017578125 0.08333333333333333