0 0.17578125 0.21682626538987687 0.119140625 0.2968536251709986
1 0.22119140625 0.3426812585499316 0.0234375 0.04240766073871409
1 0.24658203125 0.3433652530779754 0.017578125 0.04103967168262654
0 0.3037109375 0.21545827633378933 0.1162109375 0.2968536251709986
1 0.4384765625 0.15253077975376197 0.025390625 0.03283173734610123
0 0.45751953125 0.10191518467852258 0.181640625 0.11764705882352941
1 0.1484375 0.6696306429548564 0.044921875 0.038303693570451436
1 0.31201171875 0.6627906976744186 0.0244140625 0.04103967168262654
1 0.4306640625 0.7175102599179206 0.1689453125 0.05471956224350205
0 0.2685546875 0.7845417236662107 0.1337890625 0.32558139534883723
0 0.13916015625 0.7995896032831737 0.09375 0.3433652530779754
0 0.04638671875 0.8344733242134063 0.08203125 0.33105335157318744
0 0.64306640625 0.10601915184678523 0.1279296875 0.1518467852257182
0 0.78515625 0.11080711354309165 0.134765625 0.16142270861833105
1 0.859375 0.2975376196990424 0.2783203125 0.08618331053351573