1 0.65380859375 0.5091145833333334 0.029296875 0.3125
0 0.2578125 0.3294270833333333 0.0732421875 0.19401041666666666
0 0.7138671875 0.21484375 0.107421875 0.13151041666666666
0 0.8359375 0.19466145833333334 0.142578125 0.15494791666666666
1 0.74658203125 0.2526041666666667 0.01953125 0.041666666666666664
1 0.7734375 0.2565104166666667 0.017578125 0.03515625
0 0.63134765625 0.2669270833333333 0.0517578125 0.13671875
0 0.09228515625 0.7024739583333334 0.056640625 0.20052083333333334
0 0.16552734375 0.693359375 0.087890625 0.2109375
0 0.2470703125 0.583984375 0.060546875 0.037760416666666664
0 0.24853515625 0.6256510416666666 0.0517578125 0.057291666666666664
0 0.2431640625 0.66796875 0.04296875 0.0390625