1 0.3701171875 0.5690104166666666 0.0576171875 0.040364583333333336
1 0.373046875 0.62890625 0.0478515625 0.0390625
1 0.37060546875 0.7057291666666666 0.056640625 0.036458333333333336
1 0.3740234375 0.7994791666666666 0.048828125 0.032552083333333336
1 0.3779296875 0.9029947916666666 0.048828125 0.033854166666666664
0 0.3671875 0.5716145833333334 0.2216796875 0.037760416666666664
0 0.36865234375 0.6276041666666666 0.2158203125 0.061197916666666664
0 0.37353515625 0.6985677083333334 0.205078125 0.078125
0 0.373046875 0.7845052083333334 0.1962890625 0.09505208333333333
0 0.38037109375 0.892578125 0.2060546875 0.09244791666666667
1 0.9609375 0.8463541666666666 0.0205078125 0.03515625
1 0.955078125 0.9407552083333334 0.0244140625 0.037760416666666664
0 0.955078125 0.84375 0.08984375 0.109375
0 0.95263671875 0.9264322916666666 0.0947265625 0.11067708333333333