1 0.6044921875 0.4036764705882353 0.0712890625 0.060294117647058824
1 0.6025390625 0.49779411764705883 0.0673828125 0.045588235294117645
1 0.5947265625 0.5911764705882353 0.0654296875 0.045588235294117645
1 0.7783203125 0.5389705882352941 0.033203125 0.03823529411764706
1 0.974609375 0.4536764705882353 0.05078125 0.051470588235294115
1 0.9619140625 0.5448529411764705 0.076171875 0.060294117647058824
1 0.9521484375 0.6397058823529411 0.0673828125 0.045588235294117645
0 0.607421875 0.39926470588235297 0.1728515625 0.08235294117647059
0 0.6015625 0.49411764705882355 0.1591796875 0.08676470588235294
0 0.60791015625 0.586764705882353 0.142578125 0.08676470588235294
0 0.7861328125 0.5213235294117647 0.138671875 0.28823529411764703
0 0.94482421875 0.4602941176470588 0.1103515625 0.08970588235294118
0 0.9423828125 0.5529411764705883 0.115234375 0.08676470588235294
0 0.9365234375 0.6323529411764706 0.126953125 0.07647058823529412