1 0.15380859375 0.49641833810888253 0.0341796875 0.2492836676217765
1 0.17919921875 0.5007163323782235 0.0244140625 0.22636103151862463
1 0.1630859375 0.6590257879656161 0.1669921875 0.03724928366762178
1 0.35400390625 0.6726361031518625 0.0654296875 0.054441260744985676
0 0.8173828125 0.3545845272206304 0.064453125 0.17048710601719197
0 0.81640625 0.5186246418338109 0.0625 0.12320916905444126
0 0.81982421875 0.6468481375358166 0.064453125 0.12320916905444126
0 0.74658203125 0.3495702005730659 0.048828125 0.14613180515759314
0 0.6923828125 0.35959885386819485 0.0478515625 0.1361031518624642
0 0.10009765625 0.2342406876790831 0.1044921875 0.18481375358166188
0 0.1982421875 0.2700573065902579 0.078125 0.1489971346704871
0 0.2705078125 0.35959885386819485 0.044921875 0.17765042979942694
0 0.3203125 0.3753581661891118 0.0517578125 0.17191977077363896
0 0.29296875 0.6346704871060171 0.060546875 0.050143266475644696
0 0.2919921875 0.7034383954154728 0.060546875 0.05157593123209169
0 0.306640625 0.586676217765043 0.087890625 0.03151862464183381
1 0.37353515625 0.5737822349570201 0.041015625 0.024355300859598854
0 0.48046875 0.3875358166189112 0.025390625 0.12177650429799428
0 0.505859375 0.3975644699140401 0.0244140625 0.11604584527220631
0 0.5400390625 0.38825214899713467 0.041015625 0.1318051575931232
0 0.57568359375 0.3997134670487106 0.021484375 0.12177650429799428
0 0.6083984375 0.37249283667621774 0.0244140625 0.0673352435530086
0 0.64404296875 0.3667621776504298 0.0322265625 0.08882521489971347
1 0.7314453125 0.47421203438395415 0.0966796875 0.034383954154727794
1 0.7275390625 0.5587392550143266 0.091796875 0.04297994269340974