1 0.47265625 0.5756240822320118 0.0283203125 0.37151248164464024
1 0.49755859375 0.5646108663729809 0.029296875 0.35976505139500736
1 0.77001953125 0.3010279001468429 0.013671875 0.0381791483113069
1 0.78515625 0.29955947136563876 0.015625 0.03524229074889868
1 0.7841796875 0.6828193832599119 0.0126953125 0.02643171806167401
1 0.76708984375 0.6806167400881057 0.015625 0.033773861967694566
1 0.33935546875 0.7180616740088106 0.025390625 0.01908957415565345
1 0.318359375 0.4251101321585903 0.0166015625 0.024963289280469897
1 0.23486328125 0.42731277533039647 0.009765625 0.02936857562408223
1 0.267578125 0.8237885462555066 0.013671875 0.030837004405286344
1 0.27734375 0.7334801762114538 0.0126953125 0.030837004405286344
1 0.18994140625 0.9162995594713657 0.013671875 0.039647577092511016
0 0.7255859375 0.6725403817914831 0.091796875 0.644640234948605
0 0.8232421875 0.5499265785609398 0.0849609375 0.40822320117474303
0 0.83251953125 0.23348017621145375 0.09765625 0.19383259911894274
0 0.7255859375 0.22834067547723935 0.10546875 0.20411160058737152
0 0.34326171875 0.31277533039647576 0.06640625 0.23348017621145375
0 0.25146484375 0.315712187958884 0.064453125 0.2540381791483113
0 0.19140625 0.30616740088105726 0.046875 0.29515418502202645
0 0.158203125 0.9508076358296622 0.072265625 0.09838472834067548
0 0.22314453125 0.9140969162995595 0.056640625 0.17180616740088106
0 0.2802734375 0.8861967694566814 0.0439453125 0.22173274596182085
0 0.2763671875 0.7268722466960352 0.03515625 0.05433186490455213
0 0.3271484375 0.7070484581497798 0.068359375 0.07195301027900147
0 0.3486328125 0.8715124816446402 0.0771484375 0.23494860499265785