1 0.677734375 0.4876302083333333 0.02734375 0.26953125
1 0.6787109375 0.228515625 0.021484375 0.18489583333333334
1 0.546875 0.23177083333333334 0.017578125 0.044270833333333336
1 0.53466796875 0.23502604166666666 0.01171875 0.036458333333333336
1 0.43896484375 0.322265625 0.0107421875 0.029947916666666668
1 0.42626953125 0.33203125 0.009765625 0.029947916666666668
1 0.45556640625 0.630859375 0.021484375 0.055989583333333336
1 0.46826171875 0.6243489583333334 0.017578125 0.057291666666666664
1 0.4013671875 0.6015625 0.0234375 0.014322916666666666
1 0.4013671875 0.650390625 0.0234375 0.018229166666666668
1 0.40185546875 0.7200520833333334 0.0322265625 0.0234375
1 0.40234375 0.5514322916666666 0.0185546875 0.022135416666666668
1 0.3740234375 0.6015625 0.0126953125 0.046875
1 0.37158203125 0.5377604166666666 0.021484375 0.014322916666666666
1 0.31591796875 0.5338541666666666 0.0302734375 0.015625
1 0.2939453125 0.587890625 0.013671875 0.037760416666666664
1 0.06396484375 0.294921875 0.0126953125 0.045572916666666664
1 0.16357421875 0.21940104166666666 0.009765625 0.053385416666666664
1 0.1875 0.22330729166666666 0.017578125 0.044270833333333336
1 0.27392578125 0.3307291666666667 0.013671875 0.02734375
1 0.06787109375 0.6022135416666666 0.017578125 0.04296875
1 0.04052734375 0.5423177083333334 0.0361328125 0.018229166666666668
0 0.0478515625 0.22200520833333334 0.0400390625 0.22005208333333334
0 0.12646484375 0.1796875 0.083984375 0.12369791666666667
0 0.21728515625 0.197265625 0.083984375 0.11979166666666667
0 0.32275390625 0.25390625 0.1123046875 0.19140625
0 0.412109375 0.2604166666666667 0.044921875 0.19010416666666666
0 0.46337890625 0.248046875 0.0546875 0.19010416666666666
0 0.5205078125 0.19791666666666666 0.0498046875 0.15104166666666666
0 0.578125 0.17252604166666666 0.064453125 0.18619791666666666
0 0.646484375 0.17252604166666666 0.0615234375 0.24479166666666666
0 0.494140625 0.6998697916666666 0.048828125 0.203125
0 0.4423828125 0.6842447916666666 0.03515625 0.19010416666666666
0 0.4033203125 0.5462239583333334 0.0224609375 0.026041666666666668
0 0.40234375 0.6028645833333334 0.0263671875 0.041666666666666664
0 0.40478515625 0.6529947916666666 0.03125 0.053385416666666664
0 0.3994140625 0.7141927083333334 0.0244140625 0.06640625
0 0.369140625 0.654296875 0.0244140625 0.15885416666666666
0 0.3720703125 0.5358072916666666 0.0234375 0.029947916666666668
0 0.31298828125 0.533203125 0.052734375 0.0390625
0 0.31201171875 0.646484375 0.048828125 0.16015625
0 0.04345703125 0.6686197916666666 0.052734375 0.18229166666666666
0 0.041015625 0.5338541666666666 0.048828125 0.028645833333333332