1 0.1923828125 0.576171875 0.029296875 0.036458333333333336
1 0.216796875 0.57421875 0.0166015625 0.04296875
1 0.45361328125 0.544921875 0.013671875 0.045572916666666664
1 0.46826171875 0.5475260416666666 0.0146484375 0.036458333333333336
1 0.6484375 0.5169270833333334 0.0126953125 0.02734375
1 0.65966796875 0.51171875 0.0166015625 0.037760416666666664
0 0.1240234375 0.5208333333333334 0.1728515625 0.9283854166666666
0 0.2724609375 0.5078125 0.1376953125 0.8815104166666666
0 0.4013671875 0.48046875 0.119140625 0.7916666666666666
0 0.50927734375 0.5006510416666666 0.099609375 0.7825520833333334
0 0.60009765625 0.4778645833333333 0.0830078125 0.6809895833333334
0 0.69580078125 0.5032552083333334 0.072265625 0.6653645833333334