1 0.10947712418300654 0.375 0.06576797385620915 0.21660539215686275
1 0.20036764705882354 0.38893995098039214 0.0821078431372549 0.2555147058823529
1 0.11519607843137254 0.5271139705882353 0.05228758169934641 0.07904411764705882
1 0.2062908496732026 0.5909926470588235 0.06413398692810457 0.06801470588235294
1 0.125 0.7020526960784313 0.06862745098039216 0.2346813725490196
1 0.22099673202614378 0.7270220588235294 0.05473856209150327 0.1792279411764706
1 0.5475898692810458 0.28753063725490197 0.5657679738562091 0.05545343137254902
1 0.5573937908496732 0.34589460784313725 0.3790849673202614 0.05269607843137255
1 0.7890114379084967 0.33409926470588236 0.060866013071895424 0.04595588235294118
1 0.5488153594771242 0.3950674019607843 0.5694444444444444 0.03462009803921569
1 0.5535130718954249 0.4528186274509804 0.3758169934640523 0.033394607843137254
1 0.7828839869281046 0.44515931372549017 0.06699346405228758 0.037377450980392156
1 0.5761846405228758 0.500765931372549 0.3321078431372549 0.043198529411764705
1 0.7851307189542484 0.4958639705882353 0.07802287581699346 0.05269607843137255
1 0.5804738562091504 0.5674019607843137 0.31862745098039214 0.05422794117647059
1 0.7847222222222222 0.563265931372549 0.08374183006535947 0.051470588235294115
1 0.5804738562091504 0.6285232843137255 0.32189542483660133 0.05974264705882353
1 0.7855392156862745 0.6187193627450981 0.06658496732026144 0.06801470588235294
1 0.5375816993464052 0.6806066176470589 0.36560457516339867 0.06096813725490196
1 0.7820669934640523 0.6792279411764706 0.09681372549019608 0.06954656862745098
1 0.5363562091503268 0.7403492647058824 0.37745098039215685 0.06954656862745098
1 0.7859477124183006 0.7423406862745098 0.1111111111111111 0.07352941176470588
1 0.5402369281045751 0.8075980392156863 0.3709150326797386 0.04871323529411765
1 0.7914624183006536 0.8089767156862745 0.1156045751633987 0.07077205882352941