1 0.796875 0.6692708333333334 0.078125 0.07465277777777778
1 0.7978515625 0.7994791666666666 0.083984375 0.0954861111111111
1 0.8017578125 0.9123263888888888 0.076171875 0.0920138888888889
1 0.59130859375 0.7786458333333334 0.03125 0.09895833333333333
1 0.81005859375 0.14756944444444445 0.0419921875 0.1545138888888889
1 0.59130859375 0.04600694444444445 0.021484375 0.0798611111111111
1 0.462890625 0.4140625 0.017578125 0.0798611111111111
1 0.46142578125 0.5685763888888888 0.025390625 0.03125
1 0.46142578125 0.640625 0.025390625 0.03819444444444445
1 0.4638671875 0.7109375 0.0400390625 0.046875
0 0.439453125 0.4201388888888889 0.05078125 0.2743055555555556
0 0.4892578125 0.4149305555555556 0.0576171875 0.2881944444444444
0 0.46875 0.6024305555555556 0.0966796875 0.08506944444444445
0 0.46484375 0.6631944444444444 0.0986328125 0.09027777777777778
0 0.4677734375 0.7699652777777778 0.0859375 0.16493055555555555
0 0.54541015625 0.7578125 0.0625 0.3454861111111111
0 0.6328125 0.7942708333333334 0.095703125 0.3576388888888889
0 0.83837890625 0.7213541666666666 0.294921875 0.16319444444444445
0 0.8388671875 0.8559027777777778 0.2744140625 0.20833333333333334
0 0.80908203125 0.9201388888888888 0.2587890625 0.1597222222222222
0 0.88330078125 0.3463541666666667 0.166015625 0.6597222222222222
0 0.7431640625 0.3385416666666667 0.12890625 0.6076388888888888
0 0.6279296875 0.11024305555555555 0.0810546875 0.19791666666666666
0 0.552734375 0.10590277777777778 0.068359375 0.19791666666666666