1 0.69677734375 0.4166666666666667 0.0234375 0.2994791666666667
1 0.73486328125 0.4348958333333333 0.02734375 0.2864583333333333
1 0.6923828125 0.6627604166666666 0.1943359375 0.061197916666666664
1 0.4541015625 0.5651041666666666 0.0283203125 0.02734375
1 0.44189453125 0.6243489583333334 0.009765625 0.057291666666666664
1 0.46337890625 0.6256510416666666 0.0126953125 0.059895833333333336
0 0.4501953125 0.5533854166666666 0.1474609375 0.0546875
0 0.4150390625 0.685546875 0.068359375 0.19921875
0 0.49365234375 0.6979166666666666 0.0859375 0.20442708333333334
1 0.45947265625 0.1015625 0.013671875 0.061197916666666664
1 0.47607421875 0.10677083333333333 0.013671875 0.05859375
0 0.42626953125 0.07421875 0.0791015625 0.13411458333333334
0 0.50927734375 0.07356770833333333 0.080078125 0.14192708333333334
1 0.0556640625 0.6477864583333334 0.015625 0.06770833333333333
1 0.06640625 0.634765625 0.015625 0.049479166666666664
0 0.0419921875 0.736328125 0.046875 0.19661458333333334
0 0.0791015625 0.7037760416666666 0.03125 0.1875