1 0.0595703125 0.19811320754716982 0.0283203125 0.02122641509433962
1 0.0595703125 0.32075471698113206 0.013671875 0.0330188679245283
1 0.06298828125 0.43514150943396224 0.021484375 0.02830188679245283
1 0.17822265625 0.4386792452830189 0.021484375 0.02358490566037736
1 0.1787109375 0.49410377358490565 0.0126953125 0.018867924528301886
1 0.32080078125 0.43514150943396224 0.017578125 0.014150943396226415
1 0.3212890625 0.31721698113207547 0.0205078125 0.02830188679245283
1 0.32275390625 0.20047169811320756 0.017578125 0.02830188679245283
1 0.3203125 0.08726415094339622 0.0205078125 0.014150943396226415
1 0.46630859375 0.3761792452830189 0.0185546875 0.02122641509433962
1 0.46484375 0.43160377358490565 0.0205078125 0.02830188679245283
1 0.4638671875 0.49410377358490565 0.017578125 0.02122641509433962
1 0.58349609375 0.38207547169811323 0.013671875 0.01650943396226415
1 0.58056640625 0.43985849056603776 0.017578125 0.02122641509433962
1 0.58251953125 0.4964622641509434 0.025390625 0.02830188679245283
1 0.69921875 0.43985849056603776 0.0263671875 0.02122641509433962
1 0.7041015625 0.5011792452830188 0.0205078125 0.018867924528301886
1 0.78955078125 0.32075471698113206 0.01953125 0.01650943396226415
1 0.80859375 0.2665094339622642 0.015625 0.018867924528301886
1 0.8115234375 0.21226415094339623 0.0166015625 0.02122641509433962
1 0.89111328125 0.37971698113207547 0.017578125 0.030660377358490566
1 0.8876953125 0.4410377358490566 0.017578125 0.02122641509433962
1 0.9814453125 0.38325471698113206 0.013671875 0.025943396226415096
1 0.9814453125 0.44457547169811323 0.0185546875 0.0330188679245283
1 0.9833984375 0.4988207547169811 0.015625 0.02122641509433962
0 0.0625 0.23113207547169812 0.0888671875 0.11556603773584906
0 0.06396484375 0.3466981132075472 0.072265625 0.11556603773584906
0 0.0595703125 0.4634433962264151 0.080078125 0.10613207547169812
0 0.17822265625 0.43985849056603776 0.134765625 0.0589622641509434
0 0.17822265625 0.5 0.130859375 0.049528301886792456
0 0.32421875 0.455188679245283 0.1376953125 0.1179245283018868
0 0.3212890625 0.3431603773584906 0.13671875 0.11084905660377359
0 0.32421875 0.22877358490566038 0.1376953125 0.11084905660377359
0 0.322265625 0.11910377358490566 0.138671875 0.10613207547169812
0 0.43359375 0.3761792452830189 0.083984375 0.05188679245283019
0 0.43408203125 0.4339622641509434 0.080078125 0.04481132075471698
0 0.43505859375 0.49056603773584906 0.083984375 0.04716981132075472
0 0.55224609375 0.49528301886792453 0.1376953125 0.049528301886792456
0 0.54931640625 0.43514150943396224 0.138671875 0.0589622641509434
0 0.55419921875 0.37971698113207547 0.1474609375 0.05188679245283019
0 0.7021484375 0.44221698113207547 0.1318359375 0.0589622641509434
0 0.7041015625 0.49764150943396224 0.130859375 0.06367924528301887
0 0.8125 0.4044811320754717 0.0654296875 0.23113207547169812
0 0.80908203125 0.2617924528301887 0.0615234375 0.05188679245283019
0 0.80908203125 0.2099056603773585 0.056640625 0.049528301886792456
0 0.8896484375 0.38089622641509435 0.0771484375 0.06367924528301887
0 0.89990234375 0.4693396226415094 0.0703125 0.10849056603773585
0 0.9697265625 0.37971698113207547 0.060546875 0.06132075471698113
0 0.97021484375 0.44221698113207547 0.0595703125 0.05660377358490566
0 0.97265625 0.5023584905660378 0.0546875 0.0589622641509434