0 0.47420454545454543 0.8438125 0.1984943181818182 0.2021406249999999
0 0.25042613636363636 0.46253124999999995 0.310625 0.430078125
0 0.22664772727272728 0.8843593750000001 0.24872159090909093 0.2294062499999999
1 0.4569318181818182 0.48367187500000003 0.04857954545454552 0.269140625
1 0.3672443181818182 0.462671875 0.04414772727272729 0.24317187499999998
0 0.5338068181818182 0.470421875 0.22142045454545453 0.38915625000000004
1 0.4854829545454545 0.7665625 0.1315625 0.042578125
1 0.22994318181818182 0.792984375 0.18130681818181815 0.04712500000000004
1 0.4908806818181818 0.70553125 0.1330397727272727 0.04104687499999997
1 0.2346875 0.725640625 0.24965909090909089 0.05340624999999992
0 0.3409090909090909 0.71328125 0.5113636363636364 0.0765625