0 0.5720454545454546 0.8500624999999999 0.21545454545454554 0.228921875
0 0.5828693181818182 0.46021875 0.2618181818181819 0.416453125
0 0.2883522727272727 0.45726562499999995 0.2870454545454546 0.412328125
1 0.5760227272727273 0.7620312499999999 0.1346874999999999 0.03470312500000006
0 0.3322727272727273 0.8527968749999999 0.2261363636363636 0.21878124999999998
1 0.3958806818181818 0.481609375 0.05389204545454537 0.286953125
1 0.32707386363636365 0.7619687500000001 0.15590909090909089 0.03370312500000008
1 0.4929545454545455 0.47059375000000003 0.043465909090909124 0.3315156249999999
1 0.5798863636363637 0.704359375 0.15468749999999998 0.029968749999999923
1 0.31988636363636364 0.7018125000000001 0.12360795454545452 0.034093750000000075
0 0.4588068181818182 0.7 0.4971590909090909 0.065625