1 0.15283203125 0.5411764705882353 0.1025390625 0.04852941176470588
1 0.4130859375 0.5882352941176471 0.0107421875 0.04264705882352941
1 0.43505859375 0.586764705882353 0.0126953125 0.057352941176470586
1 0.5693359375 0.6125 0.0146484375 0.047058823529411764
1 0.5830078125 0.6088235294117647 0.0146484375 0.03823529411764706
1 0.5478515625 0.5580882352941177 0.015625 0.01911764705882353
1 0.60986328125 0.5573529411764706 0.03515625 0.026470588235294117
1 0.87841796875 0.3029411764705882 0.0166015625 0.05588235294117647
1 0.85107421875 0.3058823529411765 0.013671875 0.04411764705882353
1 0.708984375 0.30661764705882355 0.0146484375 0.04411764705882353
1 0.69482421875 0.3125 0.01171875 0.03823529411764706
1 0.59423828125 0.3154411764705882 0.0146484375 0.033823529411764704
1 0.58447265625 0.31470588235294117 0.009765625 0.03235294117647059
0 0.5634765625 0.2625 0.041015625 0.16176470588235295
0 0.6123046875 0.2595588235294118 0.0546875 0.15588235294117647
0 0.6708984375 0.24485294117647058 0.0654296875 0.18823529411764706
0 0.7333984375 0.24485294117647058 0.0771484375 0.18823529411764706
0 0.818359375 0.23308823529411765 0.0869140625 0.22205882352941175
0 0.92529296875 0.2301470588235294 0.119140625 0.25441176470588234
0 0.39306640625 0.6566176470588235 0.056640625 0.2073529411764706
0 0.46923828125 0.6514705882352941 0.0791015625 0.2
0 0.54443359375 0.5566176470588236 0.060546875 0.04411764705882353
0 0.599609375 0.5448529411764705 0.048828125 0.04852941176470588
0 0.5517578125 0.6257352941176471 0.046875 0.08970588235294118
0 0.60693359375 0.611764705882353 0.0595703125 0.08529411764705883