1 0.63916015625 0.7243133265513734 0.03125 0.03763987792472025
1 0.66650390625 0.7258392675483215 0.021484375 0.03153611393692777
1 0.89697265625 0.669379450661241 0.021484375 0.0335707019328586
1 0.912109375 0.6688708036622584 0.017578125 0.02034587995930824
1 0.9482421875 0.612410986775178 0.017578125 0.0254323499491353
1 0.8642578125 0.6286876907426246 0.0185546875 0.026449643947100712
1 0.2705078125 0.7833163784333672 0.025390625 0.0335707019328586
1 0.24560546875 0.785350966429298 0.01953125 0.029501525940996948
1 0.3408203125 0.7054933875890133 0.021484375 0.027466937945066123
1 0.1572265625 0.728382502543235 0.0283203125 0.029501525940996948
1 0.1494140625 0.5742624618514751 0.029296875 0.029501525940996948
1 0.23095703125 0.5 0.01953125 0.027466937945066123
1 0.8857421875 0.5132248219735503 0.015625 0.023397761953204477
0 0.1328125 0.3168870803662258 0.2158203125 0.3886063072227874
0 0.13427734375 0.5651068158697864 0.1923828125 0.08850457782299084
0 0.16845703125 0.7324516785350966 0.162109375 0.0681586978636826
0 0.3310546875 0.7039674465920651 0.166015625 0.06917599186164802
0 0.33203125 0.8652085452695829 0.1513671875 0.19125127161749747
0 0.18017578125 0.8845371312309257 0.1474609375 0.20040691759918616
0 0.5869140625 0.8423194303153612 0.115234375 0.24313326551373346
0 0.703125 0.8173957273652085 0.0966796875 0.23194303153611392
0 0.861328125 0.7619532044760936 0.0849609375 0.20142421159715157
0 0.9365234375 0.7344862665310274 0.0595703125 0.18921668362156663
0 0.9443359375 0.6042726347914548 0.072265625 0.04679552390640895
0 0.8564453125 0.6215666327568667 0.0830078125 0.042726347914547304
0 0.87451171875 0.5091556459816887 0.076171875 0.05188199389623601
0 0.87646484375 0.3275686673448627 0.091796875 0.2614445574771109