1 0.72900390625 0.22330729166666666 0.0361328125 0.2890625
1 0.7236328125 0.46484375 0.033203125 0.1875
1 0.59716796875 0.537109375 0.04296875 0.032552083333333336
1 0.41650390625 0.5397135416666666 0.048828125 0.028645833333333332
1 0.46923828125 0.15364583333333334 0.02734375 0.06510416666666667
1 0.49755859375 0.16341145833333334 0.029296875 0.05078125
0 0.39990234375 0.08919270833333333 0.1484375 0.16666666666666666
0 0.56884765625 0.09505208333333333 0.1669921875 0.18229166666666666
0 0.59033203125 0.53515625 0.13671875 0.037760416666666664
0 0.59814453125 0.6875 0.15234375 0.22526041666666666
0 0.4140625 0.5319010416666666 0.1845703125 0.053385416666666664
0 0.4326171875 0.6875 0.1611328125 0.23307291666666666