1 0.8291015625 0.45294117647058824 0.0146484375 0.23088235294117648
1 0.85107421875 0.4632352941176471 0.0224609375 0.21029411764705883
1 0.4443359375 0.6213235294117647 0.0322265625 0.029411764705882353
1 0.552734375 0.5911764705882353 0.0302734375 0.023529411764705882
1 0.61181640625 0.5742647058823529 0.025390625 0.026470588235294117
1 0.685546875 0.5544117647058824 0.021484375 0.027941176470588237
0 0.4951171875 0.6058823529411764 0.1494140625 0.057352941176470586
0 0.6435546875 0.5683823529411764 0.125 0.05
1 0.1630859375 0.6522058823529412 0.021484375 0.023529411764705882
0 0.1806640625 0.65 0.0751953125 0.058823529411764705
0 0.1533203125 0.16323529411764706 0.052734375 0.11029411764705882
0 0.208984375 0.16323529411764706 0.072265625 0.11029411764705882
0 0.4912109375 0.2661764705882353 0.052734375 0.14852941176470588
0 0.5380859375 0.26029411764705884 0.0390625 0.12941176470588237
0 0.54248046875 0.38676470588235295 0.041015625 0.08235294117647059
0 0.59033203125 0.25588235294117645 0.041015625 0.13088235294117648
0 0.6396484375 0.26176470588235295 0.0556640625 0.14558823529411766
0 0.7001953125 0.26544117647058824 0.0498046875 0.15
0 0.75634765625 0.2852941176470588 0.046875 0.21470588235294116
0 0.8369140625 0.19779411764705881 0.0791015625 0.07647058823529412
0 0.9228515625 0.19044117647058822 0.0927734375 0.07794117647058824
1 0.8818359375 0.2088235294117647 0.015625 0.03235294117647059
1 0.86767578125 0.2036764705882353 0.01953125 0.029411764705882353
0 0.74658203125 0.4345588235294118 0.021484375 0.027941176470588237
0 0.76220703125 0.4360294117647059 0.021484375 0.030882352941176472
1 0.7451171875 0.5095588235294117 0.017578125 0.027941176470588237
0 0.7236328125 0.49779411764705883 0.080078125 0.03676470588235294