0 0.80546875 0.3333333333333333 0.1484375 0.5604166666666667
0 0.6546875 0.3229166666666667 0.1328125 0.5333333333333333
0 0.78984375 0.6416666666666667 0.1390625 0.05625
0 0.6484375 0.6166666666666667 0.1265625 0.052083333333333336
0 0.71875 0.7114583333333333 0.2703125 0.08958333333333333
0 0.71484375 0.8197916666666667 0.2640625 0.10833333333333334
0 0.14765625 0.28958333333333336 0.0890625 0.4375
0 0.246875 0.296875 0.0953125 0.45625
0 0.16171875 0.5302083333333333 0.0859375 0.041666666666666664
0 0.25703125 0.546875 0.09375 0.04375
0 0.21484375 0.6072916666666667 0.1828125 0.07291666666666667
0 0.21953125 0.6989583333333333 0.1796875 0.09166666666666666
1 0.706171875 0.8204583333333333 0.020781249999999928 0.02893749999999997
1 0.788125 0.6449791666666667 0.017390624999999993 0.025104166666666573
1 0.7112812500000001 0.7140625 0.01932812500000001 0.0323333333333333
1 0.647484375 0.6168333333333333 0.016593750000000008 0.024937500000000057
1 0.2146875 0.7005416666666666 0.019218750000000017 0.027166666666666592
1 0.20982812499999998 0.6078958333333334 0.02009375000000002 0.028270833333333436
1 0.25446875 0.5483541666666666 0.02009375000000002 0.028270833333333436
1 0.15959375 0.5334791666666666 0.01785937500000001 0.02529166666666664
1 0.20759375000000002 0.4010416666666667 0.01785937500000001 0.028270833333333318
1 0.19140625 0.3980625 0.012281250000000021 0.022312499999999957
1 0.7109375 0.4605625 0.015625 0.01637500000000003
1 0.731578125 0.4620625 0.016734375000000058 0.02529166666666664