1 0.46187683284457476 0.72509765625 0.12463343108504399 0.0419921875
1 0.45894428152492667 0.81689453125 0.13049853372434017 0.044921875
1 0.18475073313782991 0.61669921875 0.04252199413489736 0.01953125
1 0.19574780058651026 0.6591796875 0.04105571847507331 0.0263671875
1 0.20381231671554254 0.7001953125 0.04252199413489736 0.0224609375
1 0.2155425219941349 0.748046875 0.04398826979472141 0.029296875
1 0.13636363636363635 0.48388671875 0.026392961876832845 0.1259765625
1 0.16495601173020527 0.47705078125 0.03812316715542522 0.12890625
1 0.10043988269794721 0.59033203125 0.06158357771260997 0.0302734375
1 0.0872434017595308 0.31787109375 0.020527859237536656 0.0390625
1 0.10777126099706745 0.3173828125 0.021994134897360705 0.037109375
1 0.28225806451612906 0.333984375 0.01466275659824047 0.0322265625
1 0.29472140762463345 0.3349609375 0.01906158357771261 0.0361328125
0 0.0469208211143695 0.267578125 0.08944281524926687 0.142578125
0 0.13709677419354838 0.25537109375 0.10557184750733138 0.125
0 0.24120234604105573 0.279296875 0.09090909090909091 0.099609375
0 0.3101173020527859 0.2958984375 0.06304985337243402 0.072265625
0 0.19794721407624633 0.62353515625 0.1217008797653959 0.0498046875
0 0.2089442815249267 0.67578125 0.12023460410557185 0.048828125
0 0.2089442815249267 0.7119140625 0.12903225806451613 0.0595703125
0 0.22580645161290322 0.76171875 0.11436950146627566 0.0732421875
0 0.48167155425219943 0.73974609375 0.3782991202346041 0.1259765625
0 0.5 0.8271484375 0.31085043988269795 0.1455078125