1 0.71240234375 0.5117130307467057 0.025390625 0.13177159590043924
1 0.71044921875 0.6566617862371888 0.0244140625 0.1390922401171303
0 0.7880859375 0.5183016105417276 0.1767578125 0.16105417276720352
0 0.7861328125 0.7620790629575402 0.171875 0.35431918008784774
1 0.2568359375 0.66398243045388 0.0234375 0.03953147877013177
1 0.26318359375 0.5783308931185944 0.0185546875 0.03806734992679356
0 0.36474609375 0.3945827232796486 0.099609375 0.18594436310395315
0 0.642578125 0.4011713030746706 0.0537109375 0.18887262079062958
0 0.7041015625 0.35505124450951686 0.0576171875 0.09077598828696926
0 0.7724609375 0.3528550512445095 0.0703125 0.09663250366032211
0 0.4697265625 0.7964860907759883 0.08203125 0.16251830161054173
0 0.5537109375 0.8067349926793558 0.0791015625 0.17715959004392387
0 0.6357421875 0.8653001464128843 0.0771484375 0.05856515373352855
0 0.6357421875 0.7906295754026355 0.068359375 0.05710102489019034