1 0.76123046875 0.7174479166666666 0.025390625 0.037760416666666664
1 0.75146484375 0.869140625 0.0263671875 0.046875
1 0.4150390625 0.759765625 0.025390625 0.033854166666666664
1 0.44580078125 0.7662760416666666 0.017578125 0.03515625
1 0.2060546875 0.8463541666666666 0.0224609375 0.032552083333333336
1 0.1845703125 0.6998697916666666 0.01953125 0.02734375
1 0.16943359375 0.57421875 0.0283203125 0.0234375
0 0.1845703125 0.556640625 0.138671875 0.09505208333333333
0 0.2001953125 0.685546875 0.134765625 0.12630208333333334
0 0.2119140625 0.830078125 0.130859375 0.14583333333333334
0 0.35791015625 0.8209635416666666 0.1455078125 0.296875
0 0.7919921875 0.7141927083333334 0.189453125 0.12239583333333333
0 0.78271484375 0.8502604166666666 0.197265625 0.14192708333333334
0 0.7607421875 0.9694010416666666 0.173828125 0.061197916666666664
0 0.75830078125 0.18489583333333334 0.396484375 0.3411458333333333