1 0.12760416666666666 0.1806640625 0.029947916666666668 0.025390625
1 0.2701822916666667 0.177734375 0.026041666666666668 0.025390625
1 0.2734375 0.26611328125 0.028645833333333332 0.0205078125
1 0.13411458333333334 0.26171875 0.024739583333333332 0.0263671875
1 0.13671875 0.35400390625 0.03125 0.0224609375
1 0.2740885416666667 0.35546875 0.03125 0.0224609375
1 0.130859375 0.5048828125 0.024739583333333332 0.0234375
1 0.2662760416666667 0.5126953125 0.022135416666666668 0.0224609375
1 0.4069010416666667 0.513671875 0.028645833333333332 0.025390625
1 0.5533854166666666 0.51806640625 0.024739583333333332 0.0224609375
1 0.7037760416666666 0.52490234375 0.026041666666666668 0.02734375
1 0.7005208333333334 0.60498046875 0.02734375 0.0234375
1 0.697265625 0.68603515625 0.02734375 0.025390625
1 0.6946614583333334 0.76953125 0.024739583333333332 0.025390625
1 0.55078125 0.5986328125 0.026041666666666668 0.02734375
1 0.5475260416666666 0.677734375 0.024739583333333332 0.0302734375
1 0.55078125 0.759765625 0.026041666666666668 0.02734375
1 0.13346354166666666 0.58251953125 0.029947916666666668 0.0205078125
1 0.2701822916666667 0.59033203125 0.037760416666666664 0.0302734375
1 0.4069010416666667 0.59716796875 0.03125 0.0224609375
1 0.4055989583333333 0.67431640625 0.024739583333333332 0.029296875
1 0.4069010416666667 0.74951171875 0.024739583333333332 0.0234375
1 0.2682291666666667 0.666015625 0.022135416666666668 0.029296875
1 0.2721354166666667 0.74462890625 0.026041666666666668 0.0302734375
1 0.13736979166666666 0.658203125 0.026041666666666668 0.0302734375
1 0.14127604166666666 0.73486328125 0.03125 0.0224609375
0 0.12955729166666666 0.15966796875 0.13802083333333334 0.072265625
0 0.2747395833333333 0.16064453125 0.14192708333333334 0.076171875
0 0.13411458333333334 0.25146484375 0.13541666666666666 0.0751953125
0 0.2766927083333333 0.2529296875 0.13671875 0.078125
0 0.2740885416666667 0.3349609375 0.14453125 0.080078125
0 0.13736979166666666 0.33349609375 0.12630208333333334 0.078125
0 0.13541666666666666 0.48193359375 0.12239583333333333 0.078125
1 0.23307291666666666 0.44091796875 0.07552083333333333 0.0205078125
1 0.5930989583333334 0.45361328125 0.07942708333333333 0.0234375
0 0.23958333333333334 0.4404296875 0.3255208333333333 0.0361328125
0 0.5963541666666666 0.45068359375 0.3723958333333333 0.03515625
0 0.2721354166666667 0.48828125 0.13541666666666666 0.068359375
0 0.4108072916666667 0.4951171875 0.140625 0.0791015625
0 0.5546875 0.49560546875 0.14583333333333334 0.0888671875
0 0.7057291666666666 0.5068359375 0.15755208333333334 0.080078125
0 0.13932291666666666 0.564453125 0.13151041666666666 0.08203125
0 0.271484375 0.56884765625 0.13802083333333334 0.0791015625
0 0.4088541666666667 0.57275390625 0.14192708333333334 0.0791015625
0 0.5533854166666666 0.5849609375 0.14453125 0.080078125
0 0.6998697916666666 0.5869140625 0.14583333333333334 0.076171875
0 0.14192708333333334 0.63818359375 0.13020833333333334 0.08203125
0 0.14778645833333334 0.70849609375 0.12239583333333333 0.072265625
0 0.2734375 0.720703125 0.1328125 0.078125
0 0.2727864583333333 0.64501953125 0.13411458333333334 0.076171875
0 0.4095052083333333 0.65673828125 0.14192708333333334 0.0830078125
0 0.4108072916666667 0.7265625 0.13802083333333334 0.078125
0 0.5494791666666666 0.7373046875 0.14322916666666666 0.091796875
0 0.5501302083333334 0.65478515625 0.14713541666666666 0.08203125
0 0.69921875 0.66943359375 0.15104166666666666 0.09765625
0 0.6998697916666666 0.7470703125 0.15494791666666666 0.091796875