1 0.6171875 0.3995568685376662 0.017578125 0.12850812407680945
1 0.6728515625 0.39807976366322007 0.0146484375 0.11816838995568685
1 0.7666015625 0.397341211225997 0.0146484375 0.1255539143279173
1 0.947265625 0.6233382570162481 0.033203125 0.4667651403249631
1 0.9697265625 0.6233382570162481 0.0263671875 0.4667651403249631
1 0.5888671875 0.8530280649926145 0.0830078125 0.056129985228951254
1 0.5830078125 0.9601181683899557 0.01953125 0.07976366322008863
1 0.6005859375 0.9512555391432792 0.0224609375 0.09748892171344166
1 0.6884765625 0.879615952732644 0.021484375 0.09601181683899557
1 0.7001953125 0.7666174298375185 0.0224609375 0.047267355982274745
1 0.7763671875 0.7658788774002954 0.0625 0.03692762186115214
0 0.625 0.3050221565731167 0.0498046875 0.33677991137370755
0 0.7001953125 0.31462333825701627 0.0966796875 0.32348596750369274
0 0.80224609375 0.3124076809453471 0.09375 0.32200886262924666
0 0.77685546875 0.7629246676514032 0.08203125 0.07680945347119646
0 0.7705078125 0.9017725258493353 0.087890625 0.1964549483013294
0 0.6982421875 0.912850812407681 0.0546875 0.17429837518463812
0 0.69873046875 0.7695716395864106 0.041015625 0.06351550960118169
0 0.56298828125 0.8419497784342689 0.21484375 0.08124076809453472
0 0.52880859375 0.9593796159527327 0.1171875 0.08124076809453472
0 0.625 0.9387001477104875 0.091796875 0.12259970457902511