0 0.278125 0.3125 0.159375 0.09166666666666666
0 0.453125 0.34270833333333334 0.190625 0.1
0 0.66484375 0.37916666666666665 0.2328125 0.11041666666666666
0 0.3265625 0.42604166666666665 0.2421875 0.11875
0 0.61015625 0.49270833333333336 0.325 0.13541666666666666
0 0.60625 0.6375 0.3125 0.15416666666666667
0 0.33203125 0.5541666666666667 0.2359375 0.1375
1 0.44448437500000004 0.34339583333333334 0.024703124999999916 0.040499999999999994
1 0.6599062499999999 0.3755625 0.02681249999999995 0.04237499999999995
1 0.497640625 0.47108333333333335 0.025687500000000085 0.04739583333333333
1 0.24151562499999998 0.411625 0.016843749999999956 0.03860416666666673
1 0.500203125 0.6104791666666666 0.025406249999999984 0.04675000000000011
1 0.27159374999999997 0.31164583333333334 0.022421875000000036 0.03312499999999995
1 0.7025625 0.5200416666666666 0.02887500000000003 0.04433333333333327
1 0.251515625 0.5357708333333334 0.02023437499999998 0.04035416666666668
1 0.38854687499999996 0.44575000000000004 0.020687500000000015 0.04443749999999997
1 0.394 0.5813958333333333 0.02150000000000003 0.04172916666666661
1 0.69396875 0.6761041666666666 0.027156249999999993 0.04375