1 0.701171875 0.3880208333333333 0.01953125 0.13411458333333334
1 0.70458984375 0.5305989583333334 0.0185546875 0.14713541666666666
1 0.6005859375 0.5787760416666666 0.01953125 0.03515625
1 0.6005859375 0.6282552083333334 0.0205078125 0.032552083333333336
1 0.6025390625 0.6953125 0.025390625 0.028645833333333332
1 0.60498046875 0.7649739583333334 0.01953125 0.036458333333333336
1 0.4130859375 0.6002604166666666 0.0146484375 0.02734375
1 0.3955078125 0.5950520833333334 0.015625 0.028645833333333332
1 0.3212890625 0.33203125 0.0205078125 0.024739583333333332
1 0.4189453125 0.17578125 0.017578125 0.026041666666666668
1 0.435546875 0.17708333333333334 0.0146484375 0.028645833333333332
1 0.5517578125 0.333984375 0.0146484375 0.026041666666666668
1 0.81005859375 0.162109375 0.0205078125 0.03515625
1 0.83251953125 0.15559895833333334 0.0146484375 0.036458333333333336
0 0.28369140625 0.23763020833333334 0.1044921875 0.20572916666666666
0 0.38037109375 0.1484375 0.0986328125 0.06901041666666667
0 0.48046875 0.14453125 0.1064453125 0.078125
0 0.61865234375 0.21940104166666666 0.1611328125 0.22526041666666666
0 0.76611328125 0.13736979166666666 0.103515625 0.08854166666666667
0 0.87939453125 0.13216145833333334 0.1005859375 0.09114583333333333
0 0.61376953125 0.5696614583333334 0.1494140625 0.049479166666666664
0 0.607421875 0.6328125 0.1396484375 0.0546875
0 0.6171875 0.6946614583333334 0.1328125 0.049479166666666664
0 0.61083984375 0.7630208333333334 0.134765625 0.08723958333333333
0 0.4609375 0.6803385416666666 0.1064453125 0.18880208333333334
0 0.3623046875 0.673828125 0.0947265625 0.203125