1 0.14990234375 0.27461139896373055 0.015625 0.09067357512953368
1 0.1455078125 0.16774611398963732 0.0166015625 0.11139896373056994
0 0.18798828125 0.3134715025906736 0.0478515625 0.03756476683937824
0 0.1884765625 0.35168393782383417 0.05078125 0.027202072538860103
0 0.1884765625 0.38406735751295334 0.052734375 0.03756476683937824
0 0.3720703125 0.33095854922279794 0.048828125 0.09326424870466321
0 0.4306640625 0.36593264248704666 0.0517578125 0.11269430051813471
0 0.4912109375 0.42422279792746115 0.0419921875 0.11787564766839378
0 0.326171875 0.3238341968911917 0.029296875 0.08937823834196891
0 0.1689453125 0.09909326424870467 0.052734375 0.13989637305699482
0 0.224609375 0.06930051813471502 0.044921875 0.07512953367875648
0 0.26708984375 0.06476683937823834 0.0419921875 0.07901554404145078
0 0.30859375 0.09585492227979274 0.033203125 0.12823834196891193
1 0.240234375 0.08484455958549222 0.013671875 0.027202072538860103
1 0.25146484375 0.08678756476683938 0.0107421875 0.023316062176165803
0 0.3466796875 0.09844559585492228 0.04296875 0.11398963730569948
1 0.142578125 0.6819948186528497 0.021484375 0.11917098445595854
1 0.1474609375 0.7817357512953368 0.0224609375 0.09715025906735751
1 0.1923828125 0.6748704663212435 0.015625 0.031088082901554404
1 0.29541015625 0.6742227979274611 0.0107421875 0.023316062176165803
1 0.23876953125 0.6191709844559585 0.013671875 0.02461139896373057
1 0.25244140625 0.6237046632124352 0.0126953125 0.01683937823834197
1 0.1845703125 0.8018134715025906 0.017578125 0.015544041450777202
1 0.1826171875 0.8348445595854922 0.0234375 0.019430051813471502
1 0.1845703125 0.8698186528497409 0.01953125 0.023316062176165803
1 0.18701171875 0.9028497409326425 0.01953125 0.022020725388601035
0 0.1708984375 0.6185233160621761 0.052734375 0.14248704663212436
0 0.224609375 0.5958549222797928 0.0458984375 0.07772020725388601
0 0.26416015625 0.6003886010362695 0.041015625 0.07901554404145078
0 0.30078125 0.6224093264248705 0.03125 0.12176165803108809
0 0.34228515625 0.6262953367875648 0.044921875 0.10880829015544041
0 0.1865234375 0.8037564766839378 0.048828125 0.029792746113989636
0 0.1845703125 0.8354922279792746 0.0517578125 0.034974093264248704
0 0.1875 0.8652849740932642 0.048828125 0.03367875647668394
0 0.18701171875 0.9009067357512953 0.0556640625 0.03756476683937824
0 0.32373046875 0.8497409326424871 0.0244140625 0.09974093264248704
0 0.3427734375 0.8503886010362695 0.017578125 0.09844559585492228
0 0.37158203125 0.8646373056994818 0.033203125 0.11010362694300518
0 0.40625 0.8827720207253886 0.037109375 0.12046632124352331
0 0.46826171875 0.9034974093264249 0.05859375 0.11010362694300518
1 0.4775390625 0.8387305699481865 0.021484375 0.03367875647668394
0 0.4755859375 0.8426165803108808 0.060546875 0.04922279792746114
1 0.9453125 0.8238341968911918 0.0205078125 0.022020725388601035
1 0.876953125 0.6632124352331606 0.021484375 0.015544041450777202
1 0.8720703125 0.8205958549222798 0.0224609375 0.019430051813471502
1 0.73779296875 0.8205958549222798 0.0146484375 0.022020725388601035
1 0.775390625 0.8005181347150259 0.025390625 0.023316062176165803
1 0.68701171875 0.7908031088082902 0.025390625 0.02072538860103627
1 0.72119140625 0.8212435233160622 0.0107421875 0.02072538860103627
1 0.60498046875 0.8011658031088082 0.009765625 0.022020725388601035
1 0.59228515625 0.7992227979274611 0.015625 0.018134715025906734
0 0.7724609375 0.8011658031088082 0.0849609375 0.03626943005181347
0 0.87451171875 0.819300518134715 0.05859375 0.03626943005181347
0 0.94482421875 0.8277202072538861 0.0693359375 0.03367875647668394
0 0.87451171875 0.8769430051813472 0.0556640625 0.08160621761658031
0 0.93896484375 0.8808290155440415 0.0732421875 0.09715025906735751
0 0.99072265625 0.8937823834196891 0.0185546875 0.08808290155440414
0 0.99169921875 0.8283678756476683 0.0166015625 0.03238341968911917
0 0.8779296875 0.6677461139896373 0.0615234375 0.027202072538860103
0 0.923828125 0.6658031088082902 0.0302734375 0.023316062176165803
0 0.951171875 0.6651554404145078 0.025390625 0.02461139896373057
0 0.9765625 0.6645077720207254 0.021484375 0.029792746113989636
0 0.9951171875 0.6651554404145078 0.009765625 0.03367875647668394
0 0.77490234375 0.8711139896373057 0.080078125 0.11139896373056994
0 0.69140625 0.8575129533678757 0.076171875 0.09585492227979274
0 0.6943359375 0.7927461139896373 0.0732421875 0.03626943005181347
0 0.62646484375 0.8471502590673575 0.0419921875 0.09715025906735751
0 0.57958984375 0.8393782383419689 0.0498046875 0.10362694300518134