1 0.080078125 0.7079062957540263 0.0712890625 0.03806734992679356
1 0.2685546875 0.6764275256222547 0.0205078125 0.03074670571010249
1 0.34521484375 0.6559297218155198 0.0234375 0.02635431918008785
1 0.38525390625 0.6961932650073206 0.0234375 0.027818448023426062
1 0.41162109375 0.6808199121522694 0.015625 0.03953147877013177
1 0.44970703125 0.6251830161054173 0.021484375 0.03367496339677892
1 0.57421875 0.6288433382137628 0.021484375 0.024890190336749635
1 0.7451171875 0.664714494875549 0.0263671875 0.03806734992679356
0 0.2080078125 0.7994143484626647 0.1484375 0.29282576866764276
0 0.34326171875 0.6478770131771596 0.111328125 0.060029282576866766
0 0.3466796875 0.7898975109809663 0.09375 0.22108345534407028
0 0.44775390625 0.6317715959004392 0.0966796875 0.04685212298682284
0 0.443359375 0.7496339677891655 0.0869140625 0.1815519765739385
0 0.5419921875 0.7240117130307467 0.0966796875 0.2430453879941435
0 0.79443359375 0.6800878477306003 0.1279296875 0.07613469985358712