1 0.18455882352941178 0.4345703125 0.06323529411764706 0.0166015625
1 0.36617647058823527 0.39990234375 0.047058823529411764 0.01953125
1 0.19926470588235295 0.509765625 0.052941176470588235 0.0302734375
1 0.3764705882352941 0.46337890625 0.047058823529411764 0.015625
1 0.21764705882352942 0.5849609375 0.058823529411764705 0.025390625
1 0.3830882352941177 0.53173828125 0.039705882352941174 0.025390625
1 0.23602941176470588 0.654296875 0.04852941176470588 0.0224609375
1 0.3897058823529412 0.59521484375 0.047058823529411764 0.017578125
1 0.39705882352941174 0.65087890625 0.045588235294117645 0.0263671875
1 0.25 0.71728515625 0.045588235294117645 0.0234375
0 0.17794117647058824 0.4345703125 0.20147058823529412 0.0498046875
0 0.3551470588235294 0.3974609375 0.15735294117647058 0.046875
0 0.2691176470588235 0.466796875 0.3382352941176471 0.0693359375
0 0.2580882352941177 0.5380859375 0.31176470588235294 0.0791015625
0 0.25882352941176473 0.60498046875 0.3029411764705882 0.0595703125
0 0.2786764705882353 0.69775390625 0.28088235294117647 0.0791015625