1 0.6692708333333334 0.4912109375 0.13802083333333334 0.0458984375
1 0.6653645833333334 0.6318359375 0.13932291666666666 0.052734375
1 0.6575520833333334 0.75439453125 0.13671875 0.05859375
1 0.6555989583333334 0.85693359375 0.12109375 0.052734375
1 0.2825520833333333 0.8095703125 0.11458333333333333 0.0390625
1 0.2701822916666667 0.7138671875 0.10807291666666667 0.046875
1 0.24739583333333334 0.59326171875 0.11588541666666667 0.046875
1 0.23307291666666666 0.466796875 0.12369791666666667 0.05859375
1 0.18229166666666666 0.30908203125 0.02734375 0.03515625
1 0.4388020833333333 0.35986328125 0.02734375 0.0302734375
1 0.66015625 0.37060546875 0.040364583333333336 0.033203125
1 0.6634114583333334 0.2861328125 0.028645833333333332 0.033203125
1 0.4329427083333333 0.27587890625 0.033854166666666664 0.0322265625
0 0.19270833333333334 0.2998046875 0.18489583333333334 0.1611328125
0 0.5598958333333334 0.27587890625 0.5182291666666666 0.0986328125
0 0.5631510416666666 0.35888671875 0.5 0.1123046875
0 0.4583333333333333 0.48876953125 0.6953125 0.177734375
0 0.46484375 0.6103515625 0.6614583333333334 0.1787109375
0 0.4694010416666667 0.71728515625 0.6497395833333334 0.1904296875
0 0.4798177083333333 0.83251953125 0.60546875 0.173828125