1 0.07568359375 0.6783854166666666 0.033203125 0.62109375
1 0.09814453125 0.6751302083333334 0.029296875 0.625
0 0.31005859375 0.36328125 0.1015625 0.2981770833333333
0 0.4228515625 0.3671875 0.103515625 0.28515625
0 0.52880859375 0.3678385416666667 0.1015625 0.2864583333333333
0 0.9091796875 0.3763020833333333 0.1328125 0.3919270833333333
0 0.7939453125 0.27734375 0.0830078125 0.17317708333333334
0 0.7138671875 0.2916666666666667 0.06640625 0.14453125
0 0.65380859375 0.3776041666666667 0.0390625 0.2838541666666667
0 0.6103515625 0.3815104166666667 0.0458984375 0.2786458333333333
0 0.333984375 0.7708333333333334 0.119140625 0.06640625
0 0.4501953125 0.771484375 0.1181640625 0.0703125
0 0.56005859375 0.7630208333333334 0.0390625 0.059895833333333336
0 0.7646484375 0.8951822916666666 0.078125 0.1015625
1 0.75732421875 0.90234375 0.02734375 0.037760416666666664
1 0.55810546875 0.7721354166666666 0.0146484375 0.016927083333333332
1 0.455078125 0.763671875 0.01953125 0.024739583333333332
1 0.3330078125 0.7740885416666666 0.0263671875 0.03515625
0 0.3369140625 0.908203125 0.1103515625 0.18359375
1 0.38623046875 0.8216145833333334 0.0166015625 0.026041666666666668
1 0.40576171875 0.81640625 0.0146484375 0.036458333333333336
0 0.45361328125 0.900390625 0.1005859375 0.19921875
0 0.56005859375 0.8984375 0.029296875 0.20052083333333334
1 0.56689453125 0.8255208333333334 0.0166015625 0.028645833333333332