1 0.7568359375 0.7731277533039648 0.0537109375 0.048458149779735685
1 0.494140625 0.29809104258443464 0.025390625 0.0631424375917768
1 0.4501953125 0.2958883994126285 0.0185546875 0.04698972099853157
1 0.4384765625 0.2958883994126285 0.013671875 0.04698972099853157
1 0.6728515625 0.6541850220264317 0.0576171875 0.04698972099853157
1 0.6357421875 0.7048458149779736 0.017578125 0.06754772393538913
1 0.294921875 0.5580029368575624 0.021484375 0.05726872246696035
1 0.31201171875 0.5521292217327459 0.0166015625 0.05433186490455213
1 0.3544921875 0.4845814977973568 0.0400390625 0.027900146842878122
1 0.4208984375 0.49045521292217326 0.025390625 0.030837004405286344
1 0.4326171875 0.5484581497797357 0.015625 0.0381791483113069
1 0.26025390625 0.5124816446402349 0.046875 0.027900146842878122
1 0.08740234375 0.29148311306901614 0.0283203125 0.09397944199706314
0 0.6591796875 0.776064610866373 0.0625 0.23641703377386197
0 0.67626953125 0.6483113069016153 0.08984375 0.08370044052863436
1 0.57177734375 0.6057268722466961 0.1015625 0.07488986784140969
0 0.42236328125 0.5631424375917768 0.037109375 0.12922173274596183
0 0.4208984375 0.48091042584434657 0.037109375 0.048458149779735685
0 0.3486328125 0.4853157121879589 0.091796875 0.0513950073421439
0 0.35205078125 0.5704845814977973 0.095703125 0.1145374449339207
0 0.2607421875 0.513215859030837 0.0791015625 0.048458149779735685
0 0.2705078125 0.5961820851688693 0.076171875 0.1262848751835536
0 0.52587890625 0.23494860499265785 0.0654296875 0.22173274596182085
0 0.4677734375 0.2342143906020558 0.041015625 0.18795888399412627
0 0.42822265625 0.23715124816446403 0.037109375 0.16593245227606462
0 0.06005859375 0.19897209985315711 0.0751953125 0.27606461086637296