1 0.4267578125 0.779296875 0.0791015625 0.02734375
1 0.4248046875 0.7389322916666666 0.083984375 0.02734375
1 0.4228515625 0.6959635416666666 0.0791015625 0.029947916666666668
1 0.2802734375 0.224609375 0.0927734375 0.037760416666666664
1 0.3720703125 0.23567708333333334 0.072265625 0.020833333333333332
0 0.3701171875 0.18033854166666666 0.076171875 0.09114583333333333
0 0.27978515625 0.16861979166666666 0.099609375 0.12630208333333334
0 0.28369140625 0.275390625 0.0966796875 0.12369791666666667
0 0.1904296875 0.2649739583333333 0.0830078125 0.12239583333333333
0 0.42236328125 0.6751302083333334 0.08984375 0.044270833333333336
0 0.4248046875 0.7200520833333334 0.0869140625 0.0546875
0 0.4208984375 0.7682291666666666 0.087890625 0.046875
0 0.42626953125 0.8313802083333334 0.0869140625 0.12109375
0 0.37109375 0.3450520833333333 0.078125 0.21744791666666666