1 0.30628654970760233 0.64453125 0.06286549707602339 0.0361328125
1 0.6016081871345029 0.64990234375 0.06286549707602339 0.0361328125
1 0.8837719298245614 0.64794921875 0.07017543859649122 0.03515625
1 0.7507309941520468 0.79150390625 0.02046783625730994 0.052734375
1 0.7017543859649122 0.78759765625 0.027777777777777776 0.044921875
0 0.30628654970760233 0.64990234375 0.25877192982456143 0.044921875
0 0.6001461988304093 0.64990234375 0.260233918128655 0.046875
0 0.8793859649122807 0.64794921875 0.2412280701754386 0.0517578125
0 0.8640350877192983 0.79248046875 0.2719298245614035 0.212890625
0 0.7039473684210527 0.7890625 0.04239766081871345 0.203125
1 0.7200292397660819 0.3896484375 0.02046783625730994 0.0458984375
0 0.8501461988304093 0.384765625 0.2997076023391813 0.3857421875