0 0.75625 0.42291666666666666 0.1375 0.28125
0 0.8890625 0.415625 0.128125 0.2791666666666667
0 0.86796875 0.5989583333333334 0.121875 0.08541666666666667
0 0.74296875 0.6072916666666667 0.1296875 0.08541666666666667
0 0.30546875 0.4479166666666667 0.1453125 0.2875
0 0.31875 0.6354166666666666 0.1359375 0.0875
0 0.1609375 0.45625 0.14375 0.28958333333333336
0 0.18359375 0.6447916666666667 0.134375 0.08541666666666667
1 0.211078125 0.4693125 0.023265624999999977 0.11856250000000006
1 0.360578125 0.45908333333333334 0.023671874999999964 0.12458333333333335
1 0.317453125 0.6083125 0.09976562500000004 0.031520833333333324
1 0.8491250000000001 0.42975 0.028468750000000043 0.12506250000000005
1 0.749734375 0.5843958333333333 0.09945312499999996 0.030312499999999905
1 0.17878125 0.6226458333333333 0.09909374999999998 0.027604166666666666
1 0.704796875 0.4441875 0.02567187499999992 0.12352083333333337