0 0.6671875 0.4270833333333333 0.3328125 0.13541666666666666
0 0.66015625 0.5635416666666667 0.3171875 0.10833333333333334
0 0.653125 0.7125 0.3015625 0.15416666666666667
0 0.2796875 0.40520833333333334 0.3046875 0.13125
0 0.2890625 0.5375 0.2921875 0.10416666666666667
0 0.29921875 0.6791666666666667 0.2796875 0.15
1 0.665734375 0.43154166666666666 0.09264062499999995 0.04464583333333335
1 0.2806875 0.5446458333333334 0.07254687500000001 0.04762500000000003
1 0.29353125 0.6889791666666666 0.06920312500000003 0.04762500000000003
1 0.65234375 0.7217291666666666 0.07254687499999993 0.041666666666666664
1 0.65234375 0.5691875 0.07254687499999993 0.04314583333333341
1 0.272875 0.4129375 0.0859375 0.04018750000000004