0 0.55234375 0.5229166666666667 0.171875 0.6791666666666667
0 0.5375 0.8916666666666667 0.15625 0.058333333333333334
0 0.38125 0.34375 0.1765625 0.3333333333333333
0 0.38125 0.6010416666666667 0.1671875 0.18125
0 0.38203125 0.7760416666666666 0.159375 0.17083333333333334
0 0.38203125 0.8895833333333333 0.1546875 0.05625
0 0.2078125 0.5135416666666667 0.1765625 0.6895833333333333
0 0.2234375 0.8864583333333333 0.1609375 0.05625
1 0.48939062499999997 0.5654791666666666 0.03682812500000008 0.056541666666666636
1 0.306921875 0.4441875 0.02009375000000002 0.07291666666666667
1 0.267296875 0.5602708333333334 0.0390625 0.05506249999999995
1 0.3119375 0.5974791666666667 0.02790625000000002 0.06993750000000011
1 0.314734375 0.7842291666666666 0.022328125000000032 0.06845833333333336
1 0.21595312500000002 0.890625 0.05021874999999998 0.028270833333333436
1 0.37834375 0.8943541666666667 0.05134375000000002 0.03570833333333331
1 0.53459375 0.8950833333333333 0.05134375000000002 0.028270833333333436