1 0.4970703125 0.3704427083333333 0.0234375 0.020833333333333332
1 0.59228515625 0.357421875 0.0205078125 0.020833333333333332
1 0.79541015625 0.3326822916666667 0.029296875 0.0234375
1 0.3505859375 0.6555989583333334 0.0302734375 0.024739583333333332
1 0.3544921875 0.724609375 0.0263671875 0.028645833333333332
1 0.357421875 0.7890625 0.033203125 0.01953125
1 0.0869140625 0.5546875 0.0166015625 0.020833333333333332
1 0.08642578125 0.5924479166666666 0.017578125 0.013020833333333334
1 0.091796875 0.6243489583333334 0.01953125 0.020833333333333332
0 0.79296875 0.3014322916666667 0.1611328125 0.14713541666666666
0 0.58837890625 0.337890625 0.087890625 0.10677083333333333
0 0.501953125 0.349609375 0.0947265625 0.08984375
0 0.34423828125 0.6484375 0.091796875 0.061197916666666664
0 0.35107421875 0.7141927083333334 0.0869140625 0.06901041666666667
0 0.35986328125 0.783203125 0.0791015625 0.06901041666666667
0 0.0869140625 0.552734375 0.056640625 0.029947916666666668
0 0.08984375 0.5872395833333334 0.0517578125 0.041666666666666664
0 0.091796875 0.6236979166666666 0.05078125 0.041666666666666664