1 0.2001953125 0.8704427083333334 0.0927734375 0.026041666666666668
1 0.2001953125 0.9615885416666666 0.08984375 0.032552083333333336
1 0.02880859375 0.919921875 0.0283203125 0.0703125
1 0.1171875 0.12369791666666667 0.0830078125 0.036458333333333336
1 0.1220703125 0.34765625 0.080078125 0.0234375
1 0.48046875 0.08072916666666667 0.0185546875 0.07552083333333333
1 0.51318359375 0.07486979166666667 0.021484375 0.07552083333333333
1 0.7578125 0.83203125 0.0419921875 0.041666666666666664
1 0.75634765625 0.9108072916666666 0.0517578125 0.041666666666666664
0 0.4150390625 0.07552083333333333 0.1513671875 0.14583333333333334
0 0.5712890625 0.07356770833333333 0.150390625 0.13671875
0 0.75634765625 0.8196614583333334 0.1455078125 0.08854166666666667
0 0.75341796875 0.9075520833333334 0.1474609375 0.07942708333333333
1 0.837890625 0.345703125 0.076171875 0.0390625
1 0.83935546875 0.14388020833333334 0.068359375 0.037760416666666664
0 0.8203125 0.09440104166666667 0.34375 0.15885416666666666
0 0.82275390625 0.2721354166666667 0.3466796875 0.20052083333333334
0 0.1982421875 0.8684895833333334 0.2861328125 0.08463541666666667
0 0.19775390625 0.95703125 0.275390625 0.0859375
0 0.03125 0.9127604166666666 0.060546875 0.16145833333333334
0 0.1630859375 0.0703125 0.3232421875 0.13411458333333334
0 0.1689453125 0.2578125 0.3232421875 0.19921875