1 0.66162109375 0.26720351390922403 0.017578125 0.17130307467057102
1 0.7900390625 0.2635431918008785 0.0107421875 0.17276720351390923
1 0.81298828125 0.2613469985358712 0.0146484375 0.18301610541727673
1 0.7626953125 0.8008784773060029 0.017578125 0.1815519765739385
1 0.79443359375 0.8052708638360175 0.015625 0.17715959004392387
1 0.9423828125 0.7247437774524158 0.037109375 0.0951683748169839
1 0.9443359375 0.8235724743777453 0.0458984375 0.1054172767203514
1 0.47216796875 0.3396778916544656 0.02734375 0.09370424597364568
1 0.4716796875 0.4707174231332357 0.029296875 0.10248901903367497
1 0.421875 0.7723279648609077 0.0908203125 0.040995607613469986
1 0.4072265625 0.21961932650073207 0.09765625 0.027818448023426062
0 0.41162109375 0.17642752562225475 0.142578125 0.1171303074670571
0 0.5966796875 0.23865300146412885 0.166015625 0.2781844802342606
0 0.7431640625 0.22767203513909223 0.123046875 0.2972181551976574
0 0.8740234375 0.22108345534407028 0.142578125 0.30307467057101023
0 0.71826171875 0.8316251830161054 0.1181640625 0.28550512445095166
0 0.849609375 0.8506588579795022 0.134765625 0.2986822840409956
0 0.4287109375 0.8096632503660323 0.1259765625 0.15226939970717424