1 0.326171875 0.6581259150805271 0.01171875 0.41874084919472915
1 0.34130859375 0.6500732064421669 0.0185546875 0.4084919472913616
1 0.34619140625 0.34260614934114203 0.0126953125 0.029282576866764276
1 0.3564453125 0.34480234260614934 0.01171875 0.029282576866764276
0 0.30224609375 0.3089311859443631 0.0966796875 0.0951683748169839
0 0.3955078125 0.3191800878477306 0.0869140625 0.09224011713030747
1 0.1904296875 0.7445095168374817 0.015625 0.036603221083455345
1 0.1875 0.8382137628111274 0.0126953125 0.03806734992679356
0 0.18896484375 0.739385065885798 0.091796875 0.0951683748169839
0 0.19189453125 0.8411420204978038 0.076171875 0.09809663250366032
1 0.15234375 0.5373352855051244 0.0126953125 0.027818448023426062
1 0.1630859375 0.5387994143484627 0.0146484375 0.01903367496339678
0 0.1220703125 0.41947291361639827 0.076171875 0.26061493411420206
0 0.1982421875 0.42020497803806733 0.0732421875 0.2547584187408492
0 0.4619140625 0.45021961932650073 0.04296875 0.2225475841874085
0 0.509765625 0.4568081991215227 0.0458984375 0.2225475841874085