1 0.7109375 0.9077598828696926 0.0595703125 0.10395314787701318
1 0.451171875 0.5190336749633968 0.021484375 0.029282576866764276
1 0.18017578125 0.7708638360175696 0.017578125 0.027818448023426062
1 0.10107421875 0.9092240117130308 0.029296875 0.02635431918008785
1 0.1123046875 0.8879941434846267 0.021484375 0.029282576866764276
1 0.626953125 0.7415812591508053 0.01953125 0.036603221083455345
1 0.6142578125 0.8067349926793558 0.0263671875 0.03074670571010249
1 0.6220703125 0.8726207906295754 0.013671875 0.03806734992679356
1 0.62060546875 0.9282576866764275 0.01953125 0.03806734992679356
0 0.63232421875 0.760614934114202 0.0400390625 0.09370424597364568
0 0.623046875 0.8257686676427526 0.0400390625 0.09370424597364568
0 0.623046875 0.8865300146412884 0.04296875 0.0849194729136164
0 0.6259765625 0.9458272327964861 0.04296875 0.08052708638360176
0 0.18798828125 0.8609077598828697 0.033203125 0.2562225475841874
0 0.1611328125 0.8843338213762811 0.0361328125 0.22693997071742314
0 0.12939453125 0.9253294289897511 0.0478515625 0.1493411420204978
0 0.07958984375 0.9502196193265008 0.0439453125 0.09956076134699854