1 0.48681640625 0.14192708333333334 0.025390625 0.11067708333333333
1 0.56298828125 0.2786458333333333 0.017578125 0.032552083333333336
1 0.58349609375 0.283203125 0.0185546875 0.0390625
1 0.8330078125 0.3138020833333333 0.0166015625 0.029947916666666668
1 0.85302734375 0.3209635416666667 0.017578125 0.036458333333333336
0 0.6328125 0.2916666666666667 0.1064453125 0.2838541666666667
0 0.5556640625 0.2740885416666667 0.0458984375 0.29296875
0 0.775390625 0.3157552083333333 0.1181640625 0.30078125
0 0.90869140625 0.341796875 0.119140625 0.3359375
0 0.08984375 0.3841145833333333 0.171875 0.07421875
0 0.091796875 0.466796875 0.162109375 0.07552083333333333
0 0.08642578125 0.576171875 0.1728515625 0.07161458333333333
0 0.0869140625 0.6731770833333334 0.173828125 0.08203125
0 0.08935546875 0.7669270833333334 0.1494140625 0.08072916666666667
0 0.0830078125 0.8561197916666666 0.1630859375 0.08723958333333333