0 0.61796875 0.49166666666666664 0.1015625 0.81875
0 0.48828125 0.3416666666666667 0.1578125 0.55
0 0.48828125 0.6645833333333333 0.1578125 0.09583333333333334
0 0.48828125 0.8666666666666667 0.159375 0.1
0 0.35234375 0.490625 0.1125 0.8833333333333333
1 0.3917343750000001 0.503375 0.026781250000000024 0.04383333333333338
1 0.551890625 0.5018958333333333 0.030140624999999942 0.04383333333333338
1 0.58984375 0.503375 0.030140624999999942 0.049791666666666616
1 0.4921875 0.6670625 0.03795312499999994 0.04383333333333326
1 0.490515625 0.7675208333333334 0.03235937500000006 0.042354166666666755
1 0.4921875 0.8716875000000001 0.03571875000000002 0.04829166666666656