1 0.0693359375 0.7233072916666666 0.0302734375 0.23307291666666666
1 0.07177734375 0.458984375 0.0234375 0.20442708333333334
1 0.1865234375 0.3229166666666667 0.015625 0.026041666666666668
1 0.197265625 0.3235677083333333 0.0166015625 0.029947916666666668
1 0.29638671875 0.54296875 0.0166015625 0.044270833333333336
1 0.314453125 0.55078125 0.01953125 0.032552083333333336
1 0.490234375 0.3834635416666667 0.017578125 0.033854166666666664
1 0.5146484375 0.3815104166666667 0.0263671875 0.037760416666666664
1 0.81787109375 0.31640625 0.025390625 0.046875
1 0.86279296875 0.3131510416666667 0.02734375 0.048177083333333336
1 0.15771484375 0.8372395833333334 0.0185546875 0.0390625
1 0.2138671875 0.89453125 0.0244140625 0.0390625
1 0.189453125 0.9309895833333334 0.013671875 0.03515625
1 0.1806640625 0.916015625 0.0126953125 0.032552083333333336
0 0.17578125 0.275390625 0.037109375 0.140625
0 0.2255859375 0.2805989583333333 0.052734375 0.14453125
0 0.28173828125 0.3723958333333333 0.060546875 0.3697916666666667
0 0.35400390625 0.3834635416666667 0.078125 0.3828125
0 0.4521484375 0.2688802083333333 0.099609375 0.2682291666666667
0 0.5810546875 0.2604166666666667 0.1474609375 0.28515625
0 0.76171875 0.21028645833333334 0.1689453125 0.2760416666666667
0 0.92333984375 0.21809895833333334 0.140625 0.2643229166666667
0 0.1669921875 0.845703125 0.0400390625 0.07552083333333333
0 0.22412109375 0.9036458333333334 0.068359375 0.08984375
0 0.21826171875 0.955078125 0.060546875 0.08984375
0 0.16650390625 0.935546875 0.0390625 0.12630208333333334