1 0.44970703125 0.3098958333333333 0.0302734375 0.2109375
1 0.45263671875 0.5384114583333334 0.029296875 0.23177083333333334
1 0.7392578125 0.822265625 0.1708984375 0.06380208333333333
1 0.05615234375 0.501953125 0.0390625 0.0546875
0 0.55712890625 0.177734375 0.091796875 0.27734375
0 0.64306640625 0.16861979166666666 0.0732421875 0.2708333333333333
0 0.73388671875 0.13411458333333334 0.1025390625 0.19921875
0 0.8505859375 0.13216145833333334 0.1171875 0.18359375
0 0.9619140625 0.18359375 0.076171875 0.2421875
0 0.48876953125 0.5638020833333334 0.0478515625 0.061197916666666664
0 0.4892578125 0.6315104166666666 0.044921875 0.06510416666666667
0 0.48681640625 0.7096354166666666 0.052734375 0.06640625
0 0.484375 0.7884114583333334 0.0546875 0.08723958333333333
0 0.54296875 0.6471354166666666 0.0498046875 0.2643229166666667
0 0.6015625 0.6516927083333334 0.064453125 0.2721354166666667