0 0.80625 0.5364583333333334 0.1859375 0.49583333333333335
0 0.62734375 0.5229166666666667 0.1734375 0.4708333333333333
0 0.43984375 0.3625 0.2015625 0.15208333333333332
0 0.4421875 0.5135416666666667 0.196875 0.15
0 0.44375 0.6604166666666667 0.19375 0.14375
0 0.2734375 0.496875 0.140625 0.42291666666666666
0 0.14140625 0.4864583333333333 0.1234375 0.4041666666666667
1 0.735796875 0.40452083333333333 0.016984375000000006 0.10533333333333333
1 0.683109375 0.40399999999999997 0.018187499999999978 0.10808333333333332
1 0.43603125 0.3617916666666667 0.07885937500000004 0.030124999999999957
1 0.431921875 0.5186041666666666 0.08259375000000002 0.04314583333333335
1 0.43860937499999997 0.6659166666666666 0.078125 0.040187499999999925
1 0.20703125 0.3831875 0.01673437499999999 0.10564583333333329
1 0.169078125 0.38466666666666666 0.0234375 0.10268750000000004