0 0.7609375 0.5833333333333334 0.196875 0.3854166666666667
0 0.56640625 0.41875 0.203125 0.08333333333333333
0 0.56484375 0.5166666666666667 0.1984375 0.08333333333333333
0 0.56328125 0.6166666666666667 0.19375 0.08125
0 0.56171875 0.7104166666666667 0.1890625 0.07708333333333334
0 0.37890625 0.5489583333333333 0.175 0.36875
0 0.20625 0.5333333333333333 0.16875 0.36041666666666666
1 0.31925 0.4900416666666667 0.030390624999999984 0.12268750000000003
1 0.240625 0.48118749999999993 0.02951562499999998 0.11089583333333332
1 0.70203125 0.5243958333333334 0.028999999999999915 0.12254166666666665
1 0.567015625 0.5234583333333334 0.09237500000000001 0.03831249999999997
1 0.565296875 0.42112499999999997 0.10603125000000002 0.041666666666666664
1 0.5619375 0.6160625 0.1015625 0.041666666666666664
1 0.561390625 0.7142916666666667 0.09598437499999993 0.041666666666666664