0 0.35625 0.39375 0.14375 0.6895833333333333
0 0.5078125 0.3927083333333333 0.1453125 0.6854166666666667
0 0.43828125 0.7614583333333333 0.271875 0.04791666666666667
0 0.4390625 0.8083333333333333 0.26875 0.04791666666666667
0 0.43984375 0.8552083333333333 0.265625 0.04583333333333333
0 0.440625 0.9010416666666666 0.2625 0.04375
1 0.37178125 0.8618541666666667 0.04356249999999999 0.012354166666666562
1 0.5044531250000001 0.8107916666666667 0.04153125000000006 0.012833333333333268
1 0.504359375 0.7616458333333332 0.040750000000000064 0.013791666666666676
1 0.370234375 0.8108541666666667 0.04496874999999996 0.012354166666666562
1 0.367703125 0.7633125 0.043359375 0.014562500000000018
1 0.37107812500000004 0.9081041666666666 0.04623437499999996 0.013124999999999906
1 0.5022031250000001 0.8598333333333333 0.03842187500000005 0.0109375
1 0.4486875 0.45766666666666667 0.017843749999999936 0.056020833333333304
1 0.41431250000000003 0.458 0.017593749999999984 0.06474999999999996
1 0.503421875 0.9049583333333333 0.03893749999999994 0.011875000000000096