1 0.654639175257732 0.535 0.06701030927835051 0.03666666666666667
1 0.8298969072164949 0.5483333333333333 0.06288659793814433 0.03333333333333333
1 0.7479381443298969 0.815 0.02268041237113402 0.07
1 0.7170103092783505 0.8166666666666667 0.021649484536082474 0.05
1 0.5087628865979381 0.6016666666666667 0.03505154639175258 0.06666666666666667
1 0.4845360824742268 0.9566666666666667 0.027835051546391754 0.06
0 0.7443298969072165 0.55 0.3474226804123711 0.22333333333333333
0 0.6417525773195877 0.8383333333333334 0.16597938144329896 0.31
0 0.8231958762886598 0.8433333333333334 0.18350515463917524 0.31333333333333335
0 0.5046391752577319 0.595 0.06391752577319587 0.18333333333333332
0 0.5123711340206185 0.87 0.07010309278350516 0.26