0 0.19453125 0.20104166666666667 0.15625 0.11041666666666666
0 0.44609375 0.2375 0.346875 0.11875
0 0.7328125 0.2791666666666667 0.225 0.12916666666666668
0 0.68828125 0.5375 0.2609375 0.35208333333333336
0 0.446875 0.48333333333333334 0.221875 0.33125
0 0.240625 0.43645833333333334 0.190625 0.3125
1 0.7349375 0.29008333333333336 0.05182812499999993 0.032895833333333374
1 0.600453125 0.3794583333333333 0.06026562500000008 0.04464583333333335
1 0.44140625 0.24256250000000001 0.08370312500000003 0.056541666666666636
1 0.194203125 0.20685416666666667 0.07365625000000002 0.0565416666666667
1 0.287390625 0.3139791666666667 0.0859375 0.056541666666666636
1 0.361609375 0.3333333333333333 0.06696875000000002 0.05356249999999996