1 0.158203125 0.7430555555555556 0.041015625 0.03298611111111111
1 0.32568359375 0.7465277777777778 0.0419921875 0.017361111111111112
1 0.33056640625 0.7864583333333334 0.041015625 0.029513888888888888
1 0.3291015625 0.8263888888888888 0.037109375 0.022569444444444444
1 0.83447265625 0.7491319444444444 0.0361328125 0.026041666666666668
1 0.8310546875 0.8090277777777778 0.0390625 0.03125
0 0.16162109375 0.7899305555555556 0.1875 0.109375
0 0.32568359375 0.7595486111111112 0.134765625 0.041666666666666664
0 0.32568359375 0.8012152777777778 0.134765625 0.03819444444444445
0 0.326171875 0.84375 0.130859375 0.05381944444444445
0 0.83544921875 0.7760416666666666 0.1884765625 0.06597222222222222
0 0.83251953125 0.8307291666666666 0.185546875 0.06597222222222222