1 0.3896484375 0.4609375 0.0263671875 0.17838541666666666
1 0.2529296875 0.6796875 0.0205078125 0.10416666666666667
1 0.244140625 0.33203125 0.017578125 0.046875
1 0.22314453125 0.3326822916666667 0.013671875 0.045572916666666664
1 0.0654296875 0.3333333333333333 0.013671875 0.05859375
1 0.04833984375 0.341796875 0.0185546875 0.05859375
1 0.0185546875 0.935546875 0.0185546875 0.08723958333333333
1 0.0224609375 0.912109375 0.0185546875 0.06770833333333333
1 0.0322265625 0.7591145833333334 0.013671875 0.06770833333333333
1 0.0361328125 0.7532552083333334 0.017578125 0.06770833333333333
1 0.0400390625 0.7044270833333334 0.0205078125 0.06901041666666667
1 0.1005859375 0.599609375 0.0322265625 0.020833333333333332
1 0.0361328125 0.625 0.013671875 0.016927083333333332
1 0.029296875 0.6634114583333334 0.01953125 0.028645833333333332
1 0.0234375 0.71484375 0.021484375 0.026041666666666668
1 0.13671875 0.6477864583333334 0.0107421875 0.048177083333333336
1 0.154296875 0.638671875 0.009765625 0.046875
1 0.19580078125 0.5911458333333334 0.0322265625 0.013020833333333334
0 0.2666015625 0.2532552083333333 0.068359375 0.22135416666666666
0 0.18603515625 0.248046875 0.087890625 0.22135416666666666
0 0.0927734375 0.24609375 0.0859375 0.22786458333333334
0 0.03271484375 0.24348958333333334 0.052734375 0.24088541666666666
0 0.19482421875 0.7057291666666666 0.0947265625 0.16927083333333334
0 0.19921875 0.5944010416666666 0.095703125 0.036458333333333336
0 0.091796875 0.5983072916666666 0.095703125 0.022135416666666668
0 0.1005859375 0.71484375 0.09375 0.16796875
0 0.0205078125 0.939453125 0.041015625 0.10677083333333333
0 0.0263671875 0.8815104166666666 0.0341796875 0.11848958333333333