1 0.23095703125 0.4388020833333333 0.146484375 0.09765625
1 0.5654296875 0.376953125 0.095703125 0.06510416666666667
1 0.7578125 0.3287760416666667 0.0732421875 0.057291666666666664
1 0.92431640625 0.2916666666666667 0.0595703125 0.041666666666666664
1 0.9072265625 0.3899739583333333 0.0615234375 0.046875
1 0.74658203125 0.4381510416666667 0.0849609375 0.045572916666666664
1 0.55810546875 0.5247395833333334 0.0869140625 0.06380208333333333
1 0.25048828125 0.6184895833333334 0.12890625 0.06770833333333333
1 0.2490234375 0.7649739583333334 0.119140625 0.07552083333333333
1 0.55078125 0.6282552083333334 0.087890625 0.06770833333333333
1 0.73974609375 0.5553385416666666 0.068359375 0.046875
1 0.8955078125 0.486328125 0.05078125 0.053385416666666664
0 0.36376953125 0.3971354166666667 0.5693359375 0.18098958333333334
0 0.3720703125 0.521484375 0.5498046875 0.15104166666666666
0 0.37646484375 0.6985677083333334 0.541015625 0.15494791666666666
0 0.845703125 0.3079427083333333 0.302734375 0.08984375
0 0.82861328125 0.408203125 0.259765625 0.10546875
0 0.81005859375 0.5188802083333334 0.2392578125 0.12630208333333334