1 0.85693359375 0.6323099415204678 0.033203125 0.7353801169590644
1 0.8427734375 0.6081871345029239 0.03515625 0.6578947368421053
1 0.91796875 0.10964912280701754 0.025390625 0.13304093567251463
1 0.89990234375 0.12426900584795321 0.017578125 0.13450292397660818
1 0.80859375 0.2916666666666667 0.0107421875 0.0891812865497076
1 0.80078125 0.2902046783625731 0.017578125 0.07748538011695906
1 0.71337890625 0.30701754385964913 0.013671875 0.08625730994152046
1 0.66845703125 0.3128654970760234 0.01953125 0.07456140350877193
1 0.60107421875 0.30701754385964913 0.01171875 0.06725146198830409
1 0.58837890625 0.31067251461988304 0.013671875 0.07602339181286549
1 0.521484375 0.3121345029239766 0.021484375 0.07017543859649122
1 0.78076171875 0.7602339181286549 0.0166015625 0.0847953216374269
1 0.75146484375 0.7185672514619883 0.0126953125 0.07602339181286549
1 0.74365234375 0.7112573099415205 0.013671875 0.06871345029239766
1 0.41357421875 0.7843567251461988 0.017578125 0.08187134502923976
1 0.41943359375 0.7763157894736842 0.015625 0.08625730994152046
1 0.43701171875 0.6988304093567251 0.013671875 0.07163742690058479
1 0.4423828125 0.679093567251462 0.0166015625 0.05847953216374269
0 0.4921875 0.24415204678362573 0.0810546875 0.2412280701754386
0 0.56103515625 0.2448830409356725 0.060546875 0.23976608187134502
0 0.62451171875 0.23976608187134502 0.064453125 0.2324561403508772
0 0.67431640625 0.23830409356725146 0.0419921875 0.23538011695906433
0 0.7314453125 0.2309941520467836 0.080078125 0.22660818713450293
0 0.7880859375 0.2222222222222222 0.041015625 0.23538011695906433
0 0.828125 0.1608187134502924 0.048828125 0.19736842105263158
0 0.8876953125 0.11403508771929824 0.0830078125 0.2134502923976608
0 0.9580078125 0.10526315789473684 0.083984375 0.16666666666666666
1 0.36767578125 0.7894736842105263 0.041015625 0.11257309941520467
1 0.59814453125 0.631578947368421 0.123046875 0.043859649122807015
1 0.67626953125 0.6198830409356725 0.0068359375 0.07602339181286549
1 0.75439453125 0.6366959064327485 0.029296875 0.04239766081871345
1 0.79931640625 0.6900584795321637 0.029296875 0.027777777777777776
1 0.5224609375 0.6600877192982456 0.009765625 0.06578947368421052
1 0.4873046875 0.5994152046783626 0.041015625 0.02631578947368421
1 0.43896484375 0.618421052631579 0.0185546875 0.03070175438596491
0 0.4892578125 0.7032163742690059 0.07421875 0.17105263157894737
0 0.4833984375 0.5942982456140351 0.072265625 0.027777777777777776
0 0.68408203125 0.6769005847953217 0.0302734375 0.195906432748538
0 0.72900390625 0.7178362573099415 0.033203125 0.16374269005847952
0 0.75439453125 0.7638888888888888 0.029296875 0.1915204678362573
0 0.78271484375 0.8011695906432749 0.041015625 0.1695906432748538