0 0.4875 0.21666666666666667 0.271875 0.11458333333333333
0 0.4890625 0.328125 0.2625 0.10833333333333334
0 0.48984375 0.43125 0.2546875 0.1
0 0.49140625 0.5291666666666667 0.2453125 0.09375
0 0.4921875 0.6197916666666666 0.2390625 0.0875
0 0.49296875 0.7041666666666667 0.23125 0.08125
0 0.49375 0.784375 0.225 0.07916666666666666
1 0.478234375 0.21875 0.0234375 0.05952083333333332
1 0.48103125 0.3333333333333333 0.02901562500000008 0.0625
1 0.482140625 0.43674999999999997 0.02901562500000008 0.06102083333333338
1 0.482703125 0.5334791666666666 0.03235937500000006 0.0669583333333333
1 0.4838125 0.6279791666666666 0.030140624999999942 0.0625
1 0.48548437499999997 0.7135416666666666 0.02901562500000008 0.05804166666666669
1 0.486609375 0.7953958333333334 0.03348437499999992 0.052083333333333336