1 0.74853515625 0.30498533724340177 0.033203125 0.3548387096774194
1 0.72509765625 0.2991202346041056 0.037109375 0.3489736070381232
1 0.7529296875 0.5476539589442815 0.232421875 0.06304985337243402
1 0.75 0.6642228739002932 0.2314453125 0.08211143695014662
1 0.4658203125 0.6392961876832844 0.138671875 0.04838709677419355
1 0.46337890625 0.5095307917888563 0.1533203125 0.04398826979472141
1 0.14453125 0.5887096774193549 0.1875 0.05278592375366569
1 0.58203125 0.5263929618768328 0.025390625 0.024926686217008796
1 0.5517578125 0.5769794721407625 0.01953125 0.039589442815249266
1 0.36376953125 0.5087976539589443 0.0244140625 0.02346041055718475
1 0.2734375 0.1810850439882698 0.013671875 0.03225806451612903
1 0.26171875 0.18255131964809385 0.015625 0.026392961876832845
1 0.26123046875 0.1495601173020528 0.01171875 0.03225806451612903
1 0.27197265625 0.1532258064516129 0.015625 0.020527859237536656
1 0.9111328125 0.0872434017595308 0.015625 0.039589442815249266
1 0.908203125 0.045454545454545456 0.01953125 0.02932551319648094
1 0.75732421875 0.06818181818181818 0.01953125 0.036656891495601175
1 0.740234375 0.07111436950146628 0.021484375 0.02785923753665689
0 0.3037109375 0.4442815249266862 0.0771484375 0.5586510263929618
0 0.36572265625 0.5087976539589443 0.0517578125 0.039589442815249266
0 0.5888671875 0.530791788856305 0.078125 0.04105571847507331
0 0.5830078125 0.6876832844574781 0.0869140625 0.25806451612903225
0 0.95263671875 0.46994134897360706 0.0947265625 0.8152492668621701
0 0.947265625 0.025659824046920823 0.087890625 0.045454545454545456
0 0.8154296875 0.0469208211143695 0.11328125 0.06451612903225806
0 0.68896484375 0.04472140762463343 0.1123046875 0.08357771260997067
0 0.24267578125 0.08064516129032258 0.0537109375 0.15542521994134897
0 0.2998046875 0.08211143695014662 0.0576171875 0.15835777126099707
0 0.240234375 0.33284457478005863 0.0458984375 0.3181818181818182