1 0.4599609375 0.486328125 0.0205078125 0.1669921875
1 0.47119140625 0.48388671875 0.013671875 0.1572265625
1 0.787109375 0.62841796875 0.138671875 0.048828125
1 0.7861328125 0.8046875 0.1376953125 0.068359375
1 0.8896484375 0.36328125 0.0185546875 0.095703125
1 0.7001953125 0.3564453125 0.013671875 0.1513671875
1 0.83837890625 0.24560546875 0.013671875 0.0830078125
1 0.8642578125 0.24560546875 0.0146484375 0.091796875
1 0.32421875 0.580078125 0.060546875 0.029296875
1 0.32373046875 0.62353515625 0.05859375 0.02734375
1 0.3232421875 0.6611328125 0.06640625 0.033203125
1 0.3271484375 0.70361328125 0.056640625 0.0322265625
1 0.63720703125 0.6513671875 0.013671875 0.150390625
1 0.45556640625 0.24365234375 0.017578125 0.12890625
1 0.47509765625 0.2529296875 0.0107421875 0.119140625
0 0.41064453125 0.240234375 0.1005859375 0.1611328125
0 0.51416015625 0.24658203125 0.091796875 0.1376953125
0 0.73779296875 0.30712890625 0.0712890625 0.2470703125
0 0.8173828125 0.22314453125 0.0654296875 0.142578125
0 0.89697265625 0.21044921875 0.091796875 0.1455078125
0 0.6708984375 0.6787109375 0.0654296875 0.2265625
0 0.322265625 0.5791015625 0.0712890625 0.0390625
0 0.3212890625 0.623046875 0.06640625 0.03515625
0 0.32421875 0.658203125 0.0751953125 0.0419921875
0 0.3193359375 0.71826171875 0.0703125 0.0751953125