1 0.4638671875 0.6963235294117647 0.046875 0.03529411764705882
1 0.4658203125 0.7838235294117647 0.052734375 0.029411764705882353
1 0.46875 0.8852941176470588 0.0498046875 0.03529411764705882
1 0.60791015625 0.8007352941176471 0.017578125 0.023529411764705882
1 0.63134765625 0.8058823529411765 0.0205078125 0.027941176470588237
1 0.77587890625 0.8786764705882353 0.0439453125 0.03235294117647059
1 0.9404296875 0.7 0.052734375 0.047058823529411764
1 0.77783203125 0.7764705882352941 0.033203125 0.027941176470588237
1 0.77099609375 0.9852941176470589 0.044921875 0.029411764705882353
1 0.2275390625 0.6294117647058823 0.0380859375 0.027941176470588237
1 0.23095703125 0.7044117647058824 0.0302734375 0.025
1 0.2353515625 0.7977941176470589 0.0263671875 0.026470588235294117
0 0.22607421875 0.6213235294117647 0.0615234375 0.06323529411764706
0 0.2353515625 0.7080882352941177 0.06640625 0.09411764705882353
0 0.23974609375 0.8007352941176471 0.0625 0.08676470588235294
1 0.3212890625 0.7095588235294118 0.0185546875 0.03823529411764706
1 0.3388671875 0.7213235294117647 0.0166015625 0.029411764705882353
0 0.3046875 0.7698529411764706 0.0625 0.17647058823529413
0 0.36669921875 0.7985294117647059 0.072265625 0.20588235294117646
0 0.46630859375 0.6889705882352941 0.115234375 0.08676470588235294
0 0.470703125 0.7757352941176471 0.115234375 0.09852941176470588
0 0.46826171875 0.8845588235294117 0.1162109375 0.09117647058823529
0 0.57568359375 0.8705882352941177 0.083984375 0.22205882352941175
0 0.666015625 0.8897058823529411 0.0869140625 0.21764705882352942
0 0.78173828125 0.7779411764705882 0.095703125 0.08088235294117647
0 0.77294921875 0.8683823529411765 0.1025390625 0.1
0 0.77294921875 0.9647058823529412 0.091796875 0.07058823529411765