0 0.2216796875 0.23312401883830455 0.263671875 0.41915227629513346
0 0.42333984375 0.054945054945054944 0.140625 0.10204081632653061
0 0.55078125 0.05729984301412873 0.099609375 0.08320251177394035
0 0.6669921875 0.17896389324960754 0.1103515625 0.3390894819466248
0 0.7509765625 0.07378335949764521 0.0625 0.1271585557299843
0 0.8095703125 0.05259026687598116 0.052734375 0.06593406593406594
1 0.8896484375 0.31004709576138145 0.0244140625 0.21036106750392464
1 0.89013671875 0.5306122448979592 0.0244140625 0.18681318681318682
0 0.7861328125 0.6907378335949764 0.0869140625 0.0847723704866562
0 0.78369140625 0.8155416012558869 0.080078125 0.13343799058084774
0 0.7880859375 0.945054945054945 0.0771484375 0.10361067503924647
1 0.64013671875 0.8414442700156985 0.220703125 0.1946624803767661
0 0.37353515625 0.9607535321821036 0.208984375 0.07692307692307693
0 0.9365234375 0.09262166405023547 0.0390625 0.08791208791208792
0 0.9345703125 0.023547880690737835 0.0283203125 0.03296703296703297