0 0.47890625 0.26875 0.225 0.12083333333333333
0 0.48046875 0.39895833333333336 0.215625 0.10625
0 0.48203125 0.5197916666666667 0.2078125 0.09791666666666667
0 0.48359375 0.6260416666666667 0.2 0.08125
1 0.52790625 0.2894375 0.03571875000000002 0.055062500000000014
1 0.4056875 0.2596666666666667 0.03459374999999998 0.049104166666666685
1 0.41126562499999997 0.3854166666666667 0.0390625 0.05356249999999996
1 0.528453125 0.4233541666666667 0.04353125000000002 0.04910416666666665
1 0.415734375 0.5081875 0.04129687499999997 0.05804166666666669
1 0.525109375 0.5424166666666667 0.05021874999999998 0.05804166666666669
1 0.42076562500000003 0.609375 0.03125 0.055062499999999896
1 0.52678125 0.6629375 0.04017187500000006 0.055062499999999896