1 0.32608695652173914 0.5067934782608695 0.06114130434782609 0.3532608695652174
1 0.734375 0.5040760869565217 0.043478260869565216 0.28940217391304346
1 0.7764945652173914 0.5061141304347826 0.04891304347826087 0.2758152173913043
1 0.8933423913043478 0.21467391304347827 0.04891304347826087 0.06793478260869565
1 0.5713315217391305 0.14945652173913043 0.058423913043478264 0.0625
1 0.08899456521739131 0.05502717391304348 0.08288043478260869 0.07608695652173914
0 0.16915760869565216 0.12024456521739131 0.3383152173913043 0.2269021739130435
0 0.17119565217391305 0.5957880434782609 0.33967391304347827 0.8084239130434783
0 0.5414402173913043 0.14402173913043478 0.40217391304347827 0.2826086956521739
0 0.8702445652173914 0.19701086956521738 0.2595108695652174 0.25
0 0.8729619565217391 0.6521739130434783 0.25407608695652173 0.6630434782608695
0 0.5475543478260869 0.6304347826086957 0.40625 0.7391304347826086