1 0.140625 0.5124450951683748 0.0439453125 0.33821376281112736
1 0.16650390625 0.5021961932650073 0.046875 0.3323572474377745
1 0.7666015625 0.2247437774524158 0.01953125 0.10834553440702782
1 0.6962890625 0.493411420204978 0.0751953125 0.036603221083455345
1 0.732421875 0.12445095168374817 0.009765625 0.0424597364568082
1 0.74755859375 0.12664714494875548 0.015625 0.043923865300146414
1 0.0478515625 0.10102489019033675 0.01953125 0.07906295754026355
1 0.0712890625 0.09809663250366032 0.0185546875 0.07320644216691069
1 0.34326171875 0.15080527086383602 0.0166015625 0.06588579795021962
1 0.35791015625 0.15373352855051245 0.017578125 0.05417276720351391
1 0.4609375 0.23572474377745242 0.0185546875 0.0629575402635432
1 0.4765625 0.23645680819912152 0.0126953125 0.06588579795021962
1 0.52099609375 0.2430453879941435 0.0185546875 0.055636896046852125
0 0.2197265625 0.11932650073206442 0.115234375 0.17715959004392387
0 0.3134765625 0.11493411420204978 0.068359375 0.1273792093704246
0 0.37841796875 0.11420204978038068 0.05859375 0.1273792093704246
0 0.4423828125 0.1581259150805271 0.0478515625 0.19765739385065886
0 0.48779296875 0.16325036603221083 0.0458984375 0.19326500732064422
0 0.54736328125 0.17496339677891654 0.0693359375 0.191800878477306
1 0.6650390625 0.23938506588579794 0.0126953125 0.06734992679355783
0 0.63037109375 0.17276720351390923 0.076171875 0.19619326500732065
0 0.7060546875 0.10907759882869693 0.072265625 0.07906295754026355
0 0.7724609375 0.1061493411420205 0.0712890625 0.09370424597364568
0 0.87353515625 0.17276720351390923 0.1044921875 0.21522693997071743
1 0.82373046875 0.24377745241581258 0.0146484375 0.060029282576866766
0 0.1083984375 0.07320644216691069 0.0927734375 0.12152269399707175
0 0.03515625 0.06149341142020498 0.0703125 0.11859443631039532
0 0.29248046875 0.568081991215227 0.08203125 0.055636896046852125
0 0.3037109375 0.6310395314787701 0.0771484375 0.048316251830161056
0 0.37353515625 0.5483162518301611 0.072265625 0.043923865300146414
0 0.43603515625 0.527086383601757 0.060546875 0.05124450951683748
0 0.37744140625 0.6061493411420205 0.0625 0.05710102489019034
0 0.439453125 0.5841874084919473 0.0537109375 0.060029282576866766
0 0.58203125 0.4985358711566618 0.0361328125 0.07759882869692533