1 0.69384765625 0.4139194139194139 0.0205078125 0.15018315018315018
0 0.1025390625 0.2619047619047619 0.046875 0.18192918192918192
0 0.1494140625 0.2661782661782662 0.041015625 0.17338217338217338
0 0.19873046875 0.27106227106227104 0.0458984375 0.15018315018315018
0 0.24267578125 0.27594627594627597 0.041015625 0.14041514041514042
0 0.2841796875 0.2783882783882784 0.033203125 0.13797313797313798
0 0.32275390625 0.27350427350427353 0.0439453125 0.13064713064713065
0 0.36328125 0.28144078144078144 0.041015625 0.12698412698412698
0 0.416015625 0.24236874236874237 0.0458984375 0.06227106227106227
0 0.4658203125 0.23931623931623933 0.041015625 0.05982905982905983
0 0.533203125 0.278998778998779 0.0693359375 0.14774114774114774
1 0.5029296875 0.34676434676434675 0.0087890625 0.020757020757020756
1 0.1396484375 0.3424908424908425 0.009765625 0.020757020757020756
1 0.1240234375 0.3437118437118437 0.009765625 0.029304029304029304
1 0.3369140625 0.46886446886446886 0.01171875 0.018315018315018316
1 0.3369140625 0.4938949938949939 0.0107421875 0.020757020757020756
0 0.3369140625 0.4694749694749695 0.03515625 0.02442002442002442
0 0.2392578125 0.5659340659340659 0.037109375 0.11843711843711843
0 0.27783203125 0.5494505494505495 0.025390625 0.12698412698412698
1 0.3466796875 0.3418803418803419 0.015625 0.030525030525030524
1 0.431640625 0.268009768009768 0.013671875 0.02442002442002442
1 0.2158203125 0.34004884004884006 0.013671875 0.02442002442002442
1 0.23095703125 0.3412698412698413 0.01171875 0.031746031746031744
1 0.2724609375 0.3431013431013431 0.0107421875 0.02442002442002442
1 0.2744140625 0.5018315018315018 0.0126953125 0.03785103785103785
1 0.2578125 0.5091575091575091 0.013671875 0.031746031746031744