1 0.65576171875 0.5071614583333334 0.060546875 0.046875
1 0.6494140625 0.595703125 0.056640625 0.036458333333333336
1 0.64306640625 0.6868489583333334 0.0595703125 0.037760416666666664
1 0.3076171875 0.6516927083333334 0.06640625 0.0390625
1 0.3095703125 0.56640625 0.0634765625 0.044270833333333336
1 0.30712890625 0.4752604166666667 0.0595703125 0.033854166666666664
0 0.31005859375 0.505859375 0.3154296875 0.11328125
0 0.31005859375 0.5859375 0.310546875 0.08854166666666667
0 0.3076171875 0.7076822916666666 0.3017578125 0.1796875
0 0.6396484375 0.75 0.298828125 0.18098958333333334
0 0.6376953125 0.6165364583333334 0.310546875 0.09505208333333333
0 0.6435546875 0.5227864583333334 0.30078125 0.09895833333333333