1 0.6788321167883211 0.4599609375 0.04671532846715328 0.02734375
1 0.6766423357664234 0.521484375 0.049635036496350364 0.03515625
1 0.6773722627737226 0.58056640625 0.049635036496350364 0.0302734375
1 0.672992700729927 0.634765625 0.04671532846715328 0.02734375
1 0.6708029197080292 0.69189453125 0.03941605839416058 0.02734375
1 0.67007299270073 0.73681640625 0.042335766423357665 0.03515625
0 0.6817518248175183 0.451171875 0.181021897810219 0.0615234375
0 0.6824817518248175 0.5068359375 0.16934306569343066 0.0615234375
0 0.6810218978102189 0.5595703125 0.1635036496350365 0.052734375
0 0.6839416058394161 0.61669921875 0.16496350364963502 0.052734375
0 0.6854014598540146 0.67236328125 0.1591240875912409 0.0634765625
0 0.6795620437956205 0.728515625 0.1591240875912409 0.0712890625
1 0.14233576642335766 0.63671875 0.020437956204379562 0.0458984375
1 0.28175182481751826 0.62353515625 0.017518248175182483 0.033203125
0 0.19416058394160585 0.6181640625 0.12700729927007298 0.06640625
1 0.9875912408759124 0.18798828125 0.014598540145985401 0.0458984375
0 0.9905109489051095 0.15673828125 0.01897810218978102 0.1416015625