1 0.6767578125 0.3977864583333333 0.044921875 0.048177083333333336
1 0.84326171875 0.3287760416666667 0.025390625 0.03515625
1 0.791015625 0.439453125 0.025390625 0.03515625
1 0.62548828125 0.5462239583333334 0.041015625 0.026041666666666668
1 0.583984375 0.6634114583333334 0.041015625 0.045572916666666664
1 0.5458984375 0.7649739583333334 0.041015625 0.036458333333333336
0 0.640625 0.4231770833333333 0.189453125 0.08463541666666667
0 0.81982421875 0.3509114583333333 0.0927734375 0.08203125
0 0.6591796875 0.537109375 0.28125 0.10416666666666667
0 0.62060546875 0.6393229166666666 0.2431640625 0.08723958333333333
0 0.55859375 0.73046875 0.185546875 0.08854166666666667