1 0.23681640625 0.6015625 0.0185546875 0.0302734375
1 0.27587890625 0.5966796875 0.021484375 0.03515625
1 0.25830078125 0.7353515625 0.017578125 0.0322265625
1 0.294921875 0.73046875 0.0224609375 0.033203125
1 0.556640625 0.56103515625 0.017578125 0.02734375
1 0.591796875 0.55419921875 0.0224609375 0.0302734375
1 0.5732421875 0.6923828125 0.017578125 0.0263671875
1 0.611328125 0.6845703125 0.0244140625 0.025390625
1 0.6259765625 0.82568359375 0.0146484375 0.0263671875
1 0.5908203125 0.83056640625 0.017578125 0.01953125
1 0.31787109375 0.87353515625 0.0126953125 0.013671875
1 0.2802734375 0.8798828125 0.017578125 0.0234375
0 0.18603515625 0.65283203125 0.15625 0.10546875
0 0.3359375 0.63037109375 0.154296875 0.111328125
0 0.35693359375 0.7666015625 0.1455078125 0.099609375
0 0.20458984375 0.78759765625 0.146484375 0.09765625
0 0.2255859375 0.91650390625 0.1484375 0.09765625
0 0.37890625 0.90185546875 0.1357421875 0.109375
0 0.53466796875 0.8671875 0.1337890625 0.1015625
0 0.6826171875 0.85546875 0.138671875 0.1142578125
0 0.5185546875 0.7314453125 0.14453125 0.1015625
0 0.6669921875 0.71826171875 0.1396484375 0.0947265625
0 0.65576171875 0.58837890625 0.1474609375 0.0927734375
0 0.5009765625 0.60498046875 0.142578125 0.087890625