0 0.76416015625 0.2740885416666667 0.017578125 0.22395833333333334
0 0.78515625 0.26953125 0.0283203125 0.2421875
0 0.7822265625 0.08072916666666667 0.0302734375 0.07552083333333333
0 0.7607421875 0.09440104166666667 0.0205078125 0.07161458333333333
0 0.7333984375 0.11458333333333333 0.025390625 0.06770833333333333
0 0.7119140625 0.13411458333333334 0.025390625 0.059895833333333336
0 0.736328125 0.23697916666666666 0.0302734375 0.12109375
0 0.71337890625 0.24674479166666666 0.025390625 0.10677083333333333
0 0.6806640625 0.150390625 0.0126953125 0.06510416666666667
0 0.6923828125 0.14778645833333334 0.0166015625 0.06770833333333333
0 0.677734375 0.2884114583333333 0.013671875 0.18489583333333334
0 0.69091796875 0.2897135416666667 0.01953125 0.18229166666666666
0 0.67138671875 0.5 0.0244140625 0.033854166666666664
0 0.67578125 0.53515625 0.025390625 0.037760416666666664
0 0.67431640625 0.5690104166666666 0.0283203125 0.020833333333333332
0 0.6953125 0.5286458333333334 0.017578125 0.06510416666666667
0 0.71728515625 0.5377604166666666 0.021484375 0.06640625
0 0.62255859375 0.23567708333333334 0.033203125 0.16796875
0 0.65087890625 0.23046875 0.033203125 0.17447916666666666
0 0.6220703125 0.4557291666666667 0.029296875 0.25
0 0.65283203125 0.4505208333333333 0.033203125 0.24088541666666666
0 0.1767578125 0.689453125 0.076171875 0.057291666666666664
1 0.1884765625 0.6966145833333334 0.021484375 0.028645833333333332
1 0.19140625 0.78125 0.013671875 0.03515625
1 0.19775390625 0.7604166666666666 0.017578125 0.026041666666666668
0 0.1708984375 0.875 0.048828125 0.20833333333333334
0 0.2080078125 0.8203125 0.03515625 0.17578125
0 0.05810546875 0.24153645833333334 0.05078125 0.3697916666666667
0 0.0224609375 0.2591145833333333 0.0419921875 0.37890625
0 0.10986328125 0.14973958333333334 0.0458984375 0.12760416666666666
0 0.146484375 0.158203125 0.0322265625 0.0859375
0 0.1787109375 0.16861979166666666 0.021484375 0.057291666666666664
0 0.19580078125 0.10221354166666667 0.025390625 0.08203125
0 0.17138671875 0.08463541666666667 0.01953125 0.08072916666666667
0 0.1455078125 0.0546875 0.0283203125 0.08203125
0 0.1123046875 0.04296875 0.0361328125 0.07161458333333333