1 0.8212890625 0.57373046875 0.05078125 0.375
1 0.80224609375 0.56396484375 0.0439453125 0.3662109375
1 0.43212890625 0.41259765625 0.015625 0.05859375
1 0.451171875 0.41455078125 0.0146484375 0.0458984375
1 0.2080078125 0.41455078125 0.017578125 0.04296875
1 0.1806640625 0.56884765625 0.0380859375 0.0205078125
1 0.69287109375 0.7041015625 0.0595703125 0.0556640625
1 0.68896484375 0.78759765625 0.052734375 0.0615234375
1 0.56201171875 0.41796875 0.013671875 0.0361328125
1 0.55029296875 0.4150390625 0.01171875 0.033203125
1 0.513671875 0.41650390625 0.0146484375 0.0419921875
1 0.6650390625 0.6376953125 0.033203125 0.02734375
0 0.17431640625 0.33203125 0.0830078125 0.2080078125
0 0.4052734375 0.33056640625 0.0693359375 0.1865234375
0 0.4716796875 0.333984375 0.0703125 0.1962890625
0 0.521484375 0.3359375 0.041015625 0.205078125
0 0.5498046875 0.333984375 0.0234375 0.2177734375
0 0.57958984375 0.33251953125 0.041015625 0.212890625
0 0.66748046875 0.642578125 0.0478515625 0.0517578125
1 0.7119140625 0.66650390625 0.0263671875 0.0302734375
0 0.7099609375 0.666015625 0.0322265625 0.0458984375
0 0.69140625 0.70849609375 0.072265625 0.0693359375
0 0.68896484375 0.794921875 0.072265625 0.087890625
0 0.17919921875 0.57373046875 0.103515625 0.0419921875
1 0.41748046875 0.5703125 0.0146484375 0.0400390625
0 0.42431640625 0.59716796875 0.0341796875 0.091796875
0 0.55908203125 0.6728515625 0.037109375 0.1650390625
0 0.60693359375 0.70068359375 0.052734375 0.193359375
0 0.771484375 0.2421875 0.05859375 0.16796875
0 0.84228515625 0.2275390625 0.0673828125 0.1669921875