1 0.505859375 0.47216796875 0.068359375 0.0419921875
1 0.50439453125 0.59228515625 0.0693359375 0.0400390625
1 0.5029296875 0.71728515625 0.0634765625 0.0322265625
1 0.71875 0.31787109375 0.0234375 0.0361328125
1 0.7255859375 0.1875 0.021484375 0.044921875
1 0.28515625 0.19287109375 0.03125 0.0302734375
1 0.28857421875 0.314453125 0.0244140625 0.0322265625
0 0.50830078125 0.18798828125 0.63671875 0.115234375
0 0.505859375 0.314453125 0.638671875 0.134765625
0 0.50537109375 0.46875 0.640625 0.107421875
0 0.50537109375 0.58837890625 0.6279296875 0.1259765625
0 0.5029296875 0.716796875 0.6259765625 0.1162109375