1 0.47802734375 0.4158125915080527 0.013671875 0.2547584187408492
1 0.4619140625 0.4143484626647145 0.0185546875 0.2547584187408492
1 0.44921875 0.1815519765739385 0.0185546875 0.07906295754026355
1 0.47119140625 0.1800878477306003 0.013671875 0.07320644216691069
1 0.82861328125 0.18374816983894582 0.013671875 0.11859443631039532
1 0.8408203125 0.18667642752562225 0.009765625 0.10980966325036604
1 0.873046875 0.6383601756954612 0.095703125 0.0424597364568082
1 0.8759765625 0.7503660322108345 0.0888671875 0.04978038067349927
1 0.75439453125 0.7101024890190337 0.0693359375 0.03806734992679356
1 0.19580078125 0.34699853587115664 0.095703125 0.021961932650073207
1 0.4853515625 0.6017569546120058 0.125 0.0424597364568082
1 0.4658203125 0.6874084919472914 0.017578125 0.12152269399707175
1 0.48046875 0.6954612005856515 0.015625 0.12152269399707175
0 0.41015625 0.12005856515373353 0.099609375 0.22693997071742314
0 0.5107421875 0.1281112737920937 0.09765625 0.22693997071742314
0 0.8095703125 0.14494875549048317 0.060546875 0.24890190336749635
0 0.8759765625 0.13177159590043924 0.0732421875 0.22547584187408493
0 0.8857421875 0.6310395314787701 0.1396484375 0.09370424597364568
0 0.98388671875 0.6493411420204978 0.0322265625 0.08199121522693997
0 0.98779296875 0.7906295754026355 0.0244140625 0.15226939970717424
0 0.884765625 0.7408491947291361 0.1474609375 0.13469985358711567
0 0.759765625 0.7005856515373353 0.091796875 0.10102489019033675
0 0.1865234375 0.27013177159590046 0.30859375 0.19619326500732065