1 0.78662109375 0.7102102102102102 0.0263671875 0.2042042042042042
1 0.8291015625 0.722972972972973 0.021484375 0.2147147147147147
1 0.83056640625 0.2552552552552553 0.0205078125 0.21921921921921922
1 0.7861328125 0.25225225225225223 0.0224609375 0.2147147147147147
1 0.26513671875 0.7567567567567568 0.1650390625 0.04954954954954955
1 0.26513671875 0.8791291291291291 0.1630859375 0.05855855855855856
0 0.26025390625 0.7792792792792793 0.296875 0.12162162162162163
0 0.26171875 0.8948948948948949 0.2919921875 0.11261261261261261
0 0.7724609375 0.25075075075075076 0.08203125 0.3933933933933934
0 0.8681640625 0.25675675675675674 0.1005859375 0.4189189189189189
0 0.86669921875 0.71996996996997 0.095703125 0.42042042042042044
0 0.7705078125 0.7027027027027027 0.076171875 0.4024024024024024
1 0.408203125 0.49024024024024027 0.013671875 0.08108108108108109