1 0.4580078125 0.5549853372434017 0.0390625 0.8211143695014663
1 0.48291015625 0.5579178885630498 0.0361328125 0.8343108504398827
1 0.83251953125 0.9523460410557185 0.1630859375 0.09530791788856305
1 0.88916015625 0.7521994134897361 0.2216796875 0.12023460410557185
1 0.31201171875 0.5344574780058651 0.1005859375 0.0469208211143695
1 0.31884765625 0.5791788856304986 0.099609375 0.04985337243401759
1 0.2041015625 0.5065982404692082 0.0791015625 0.045454545454545456
1 0.20947265625 0.5395894428152492 0.076171875 0.03812316715542522
0 0.1708984375 0.28812316715542524 0.1005859375 0.436950146627566
0 0.2822265625 0.2969208211143695 0.1474609375 0.4941348973607038
0 0.2197265625 0.6378299120234604 0.0966796875 0.2126099706744868
0 0.3271484375 0.6876832844574781 0.1005859375 0.25806451612903225
0 0.8544921875 0.8115835777126099 0.291015625 0.2434017595307918
0 0.82958984375 0.9479472140762464 0.271484375 0.10410557184750734