1 0.77099609375 0.5365517241379311 0.015625 0.2317241379310345
1 0.10400390625 0.8979310344827586 0.021484375 0.04275862068965517
1 0.10546875 0.9558620689655173 0.015625 0.027586206896551724
1 0.17236328125 0.8793103448275862 0.013671875 0.016551724137931035
1 0.173828125 0.829655172413793 0.013671875 0.020689655172413793
0 0.09716796875 0.8924137931034483 0.068359375 0.05931034482758621
0 0.0986328125 0.9503448275862069 0.078125 0.057931034482758624
0 0.1728515625 0.8289655172413793 0.052734375 0.038620689655172416
0 0.17236328125 0.8848275862068965 0.048828125 0.06896551724137931
0 0.29833984375 0.6606896551724138 0.0185546875 0.06482758620689655
0 0.29736328125 0.7372413793103448 0.0166015625 0.07172413793103448
0 0.30078125 0.8337931034482758 0.0205078125 0.11586206896551725
0 0.326171875 0.6268965517241379 0.0458984375 0.04551724137931035
0 0.3271484375 0.696551724137931 0.0380859375 0.05379310344827586
0 0.3251953125 0.7786206896551724 0.04296875 0.08137931034482758