1 0.17303719008264462 0.35146604938271603 0.0743801652892562 0.030864197530864196
1 0.18207644628099173 0.4949845679012346 0.07799586776859505 0.043209876543209874
1 0.1918904958677686 0.6319444444444444 0.0759297520661157 0.036265432098765434
1 0.19886363636363635 0.7692901234567902 0.06973140495867769 0.036265432098765434
1 0.7179752066115702 0.345679012345679 0.0625 0.041666666666666664
1 0.8101756198347108 0.6338734567901234 0.020144628099173553 0.08719135802469136
1 0.9367252066115702 0.4679783950617284 0.04390495867768595 0.027777777777777776
1 0.9328512396694215 0.5250771604938271 0.05165289256198347 0.027777777777777776
1 0.9292355371900827 0.5721450617283951 0.0506198347107438 0.030864197530864196
1 0.9274276859504132 0.6234567901234568 0.05010330578512397 0.038580246913580245
1 0.9243285123966942 0.6832561728395061 0.05165289256198347 0.036265432098765434
1 0.9214876033057852 0.7403549382716049 0.047520661157024795 0.038580246913580245
1 0.46487603305785125 0.6153549382716049 0.06714876033057851 0.05864197530864197
1 0.47339876033057854 0.8333333333333334 0.04700413223140496 0.05246913580246913
0 0.1828512396694215 0.345679012345679 0.365702479338843 0.13040123456790123
0 0.18078512396694216 0.4853395061728395 0.3600206611570248 0.1597222222222222
0 0.1921487603305785 0.6242283950617284 0.35020661157024796 0.13194444444444445
0 0.1921487603305785 0.8317901234567902 0.3672520661157025 0.2692901234567901
0 0.4617768595041322 0.5952932098765432 0.1890495867768595 0.2183641975308642
0 0.46487603305785125 0.814429012345679 0.1859504132231405 0.2152777777777778
0 0.6980888429752066 0.6207561728395061 0.24741735537190082 0.4166666666666667
0 0.6996384297520661 0.3410493827160494 0.2603305785123967 0.12885802469135801
0 0.9160640495867769 0.4702932098765432 0.1678719008264463 0.07947530864197531
0 0.9178719008264463 0.5389660493827161 0.16425619834710745 0.06635802469135803
0 0.9067665289256198 0.5887345679012346 0.18646694214876033 0.05246913580246913
0 0.9129648760330579 0.6431327160493827 0.1740702479338843 0.06635802469135803
0 0.9098657024793388 0.7083333333333334 0.1802685950413223 0.07253086419753087
0 0.9106404958677686 0.7874228395061729 0.1787190082644628 0.08024691358024691