0 0.5671875 0.315625 0.2390625 0.5166666666666667
0 0.56328125 0.6229166666666667 0.215625 0.1
0 0.5609375 0.8166666666666667 0.2 0.2708333333333333
0 0.32265625 0.628125 0.2171875 0.10208333333333333
0 0.33671875 0.821875 0.2015625 0.2708333333333333
0 0.30078125 0.3154791666666667 0.23771874999999998 0.514875
1 0.404015625 0.3325833333333333 0.02009375000000002 0.028270833333333318
1 0.466515625 0.3325833333333333 0.02009375000000002 0.02529166666666664
1 0.322546875 0.6235208333333334 0.02009375000000002 0.026791666666666696
1 0.47545312500000003 0.8191875 0.015625 0.02529166666666664
1 0.423546875 0.8206875 0.02120312500000008 0.028270833333333436
1 0.561390625 0.6160625 0.02009375000000002 0.029770833333333257