1 0.28564453125 0.4494875549048316 0.052734375 0.5314787701317716
1 0.31640625 0.4560761346998536 0.037109375 0.5519765739385066
1 0.28662109375 0.8689604685212299 0.1826171875 0.10688140556368961
1 0.53369140625 0.9348462664714495 0.1064453125 0.08931185944363104
1 0.6298828125 0.8484626647144948 0.025390625 0.036603221083455345
1 0.63037109375 0.7159590043923866 0.025390625 0.03806734992679356
1 0.63134765625 0.6142020497803806 0.029296875 0.036603221083455345
1 0.55712890625 0.25841874084919475 0.013671875 0.03367496339677892
1 0.568359375 0.25768667642752563 0.0146484375 0.03806734992679356
1 0.73876953125 0.2869692532942899 0.009765625 0.03513909224011713
1 0.7451171875 0.2869692532942899 0.013671875 0.03513909224011713
1 0.7216796875 0.595900439238653 0.013671875 0.036603221083455345
1 0.72998046875 0.5944363103953147 0.0166015625 0.036603221083455345
1 0.48828125 0.16617862371888725 0.015625 0.14641288433382138
0 0.6298828125 0.6090775988286969 0.0859375 0.06734992679355783
0 0.62841796875 0.7152269399707174 0.087890625 0.13030746705710103
0 0.63427734375 0.8367496339677891 0.078125 0.10688140556368961
0 0.7001953125 0.7049780380673499 0.044921875 0.2796486090775988
0 0.74560546875 0.6822840409956076 0.04296875 0.24890190336749635
1 0.81494140625 0.5614934114202049 0.017578125 0.02635431918008785
0 0.82470703125 0.6420204978038068 0.0224609375 0.23572474377745242
0 0.7587890625 0.2020497803806735 0.0361328125 0.2547584187408492
0 0.71923828125 0.19326500732064422 0.0380859375 0.2635431918008785
0 0.5849609375 0.15885797950219618 0.052734375 0.3074670571010249
0 0.52978515625 0.15666178623718888 0.060546875 0.28550512445095166
0 0.4697265625 0.02855051244509517 0.0634765625 0.05124450951683748