0 0.3359375 0.23461538461538461 0.091796875 0.21666666666666667
0 0.33984375 0.6 0.0888671875 0.4807692307692308
0 0.4482421875 0.26282051282051283 0.0234375 0.13076923076923078
0 0.50341796875 0.2641025641025641 0.08203125 0.1282051282051282
0 0.798828125 0.2762820512820513 0.0927734375 0.15512820512820513
0 0.796875 0.4737179487179487 0.0888671875 0.2282051282051282
0 0.7939453125 0.6782051282051282 0.0908203125 0.16794871794871793
0 0.599609375 0.6480769230769231 0.052734375 0.17307692307692307
0 0.6416015625 0.28910256410256413 0.0322265625 0.07179487179487179
0 0.6767578125 0.2916666666666667 0.0380859375 0.06923076923076923
0 0.7177734375 0.29102564102564105 0.041015625 0.07051282051282051
0 0.54638671875 0.6358974358974359 0.05859375 0.16666666666666666
0 0.49169921875 0.6326923076923077 0.060546875 0.14615384615384616
0 0.3994140625 0.6929487179487179 0.0166015625 0.21153846153846154
0 0.41455078125 0.6794871794871795 0.0224609375 0.19487179487179487
0 0.43359375 0.6647435897435897 0.0185546875 0.1794871794871795
0 0.451171875 0.6525641025641026 0.025390625 0.16153846153846155