1 0.07861328125 0.5787760416666666 0.02734375 0.037760416666666664
1 0.22607421875 0.423828125 0.017578125 0.055989583333333336
1 0.2080078125 0.3463541666666667 0.0283203125 0.3372395833333333
1 0.0791015625 0.6783854166666666 0.021484375 0.037760416666666664
1 0.0908203125 0.6627604166666666 0.01953125 0.0390625
0 0.06298828125 0.556640625 0.103515625 0.10026041666666667
0 0.05126953125 0.810546875 0.060546875 0.3541666666666667
0 0.099609375 0.763671875 0.037109375 0.2942708333333333
0 0.4482421875 0.255859375 0.0771484375 0.18619791666666666
0 0.53125 0.255859375 0.0859375 0.18359375
0 0.60498046875 0.259765625 0.0556640625 0.171875
0 0.67626953125 0.2591145833333333 0.0693359375 0.17317708333333334
0 0.7060546875 0.4602864583333333 0.041015625 0.057291666666666664
0 0.75732421875 0.4700520833333333 0.048828125 0.057291666666666664
1 0.48486328125 0.330078125 0.013671875 0.03515625
1 0.4990234375 0.326171875 0.0146484375 0.036458333333333336
1 0.58203125 0.333984375 0.017578125 0.04296875
1 0.70166015625 0.3359375 0.015625 0.041666666666666664
1 0.7021484375 0.4609375 0.017578125 0.02734375
1 0.7529296875 0.4759114583333333 0.0234375 0.03515625