1 0.38330078125 0.4720052083333333 0.037109375 0.06901041666666667
1 0.38232421875 0.59375 0.03515625 0.07421875
1 0.3828125 0.7024739583333334 0.033203125 0.06380208333333333
1 0.39013671875 0.3372395833333333 0.0458984375 0.078125
1 0.5556640625 0.3229166666666667 0.0322265625 0.06770833333333333
1 0.74951171875 0.3098958333333333 0.037109375 0.05859375
1 0.8486328125 0.302734375 0.025390625 0.055989583333333336
1 0.8271484375 0.4036458333333333 0.02734375 0.0546875
1 0.8095703125 0.4921875 0.01953125 0.057291666666666664
1 0.7978515625 0.5755208333333334 0.01953125 0.045572916666666664
0 0.38427734375 0.3216145833333333 0.21875 0.06770833333333333
0 0.6396484375 0.3098958333333333 0.265625 0.06901041666666667
0 0.8408203125 0.2923177083333333 0.11328125 0.0703125
0 0.81982421875 0.392578125 0.1025390625 0.10677083333333333
0 0.80322265625 0.4928385416666667 0.1044921875 0.08854166666666667
0 0.783203125 0.5852864583333334 0.10546875 0.07682291666666667
0 0.375 0.4563802083333333 0.2138671875 0.12890625
0 0.37841796875 0.583984375 0.19921875 0.11848958333333333
0 0.37939453125 0.7063802083333334 0.18359375 0.1015625