1 0.66015625 0.6158854166666666 0.013671875 0.057291666666666664
1 0.6884765625 0.6119791666666666 0.017578125 0.05078125
1 0.5830078125 0.94921875 0.0361328125 0.020833333333333332
1 0.78125 0.935546875 0.0390625 0.026041666666666668
0 0.5703125 0.6145833333333334 0.1953125 0.49609375
0 0.7685546875 0.607421875 0.189453125 0.4739583333333333
0 0.939453125 0.6028645833333334 0.12109375 0.4700520833333333
1 0.98583984375 0.9225260416666666 0.0283203125 0.046875
0 0.576171875 0.9479166666666666 0.197265625 0.10416666666666667
0 0.7841796875 0.9342447916666666 0.1796875 0.11848958333333333
0 0.951171875 0.923828125 0.09765625 0.10286458333333333