1 0.12255859375 0.6223958333333334 0.046875 0.2578125
1 0.11376953125 0.337890625 0.041015625 0.2760416666666667
0 0.154296875 0.10221354166666667 0.1337890625 0.14322916666666666
0 0.3095703125 0.11197916666666667 0.13671875 0.14322916666666666
0 0.46337890625 0.20247395833333334 0.1689453125 0.30859375
0 0.6103515625 0.12109375 0.1044921875 0.14192708333333334
0 0.70703125 0.13606770833333334 0.0986328125 0.12760416666666666
0 0.7978515625 0.22330729166666666 0.0986328125 0.2721354166666667
0 0.88330078125 0.2265625 0.08203125 0.26171875
0 0.50244140625 0.7845052083333334 0.1748046875 0.22786458333333334
0 0.8408203125 0.6861979166666666 0.083984375 0.10286458333333333
0 0.92919921875 0.66796875 0.06640625 0.10286458333333333