1 0.61083984375 0.46875 0.0234375 0.037760416666666664
1 0.73046875 0.5032552083333334 0.025390625 0.0234375
0 0.6826171875 0.521484375 0.099609375 0.12109375
0 0.59130859375 0.501953125 0.0654296875 0.12630208333333334
1 0.37890625 0.0390625 0.021484375 0.036458333333333336
1 0.3564453125 0.033854166666666664 0.0224609375 0.037760416666666664
1 0.46826171875 0.208984375 0.025390625 0.037760416666666664
1 0.55908203125 0.21028645833333334 0.029296875 0.028645833333333332
1 0.69873046875 0.21549479166666666 0.02734375 0.033854166666666664
0 0.6728515625 0.12760416666666666 0.083984375 0.20833333333333334
0 0.58447265625 0.12890625 0.0732421875 0.19401041666666666
0 0.4990234375 0.11393229166666667 0.080078125 0.203125
0 0.4091796875 0.031901041666666664 0.078125 0.055989583333333336
0 0.314453125 0.032552083333333336 0.1025390625 0.0546875