1 0.8348017621145375 0.73046875 0.06754772393538913 0.046875
1 0.22320117474302498 0.41259765625 0.023494860499265784 0.033203125
1 0.4779735682819383 0.41748046875 0.020558002936857563 0.029296875
0 0.25036710719530103 0.3310546875 0.09104258443465492 0.1650390625
0 0.40161527165932454 0.3388671875 0.19089574155653452 0.169921875
0 0.6262848751835536 0.3388671875 0.13362701908957417 0.18359375
0 0.7790014684287812 0.3359375 0.13362701908957417 0.1748046875
1 0.8325991189427313 0.3359375 0.027900146842878122 0.0419921875
0 0.6923641703377387 0.81689453125 0.14977973568281938 0.2412109375
1 0.7466960352422908 0.826171875 0.023494860499265784 0.033203125
0 0.0881057268722467 0.85693359375 0.17327459618208516 0.1943359375