1 0.38330078125 0.48952095808383234 0.017578125 0.02694610778443114
1 0.4912109375 0.48577844311377244 0.0146484375 0.020958083832335328
1 0.4912109375 0.5284431137724551 0.0146484375 0.02844311377245509
1 0.38720703125 0.5261976047904192 0.013671875 0.02844311377245509
1 0.3896484375 0.5666167664670658 0.0185546875 0.02844311377245509
1 0.4912109375 0.5711077844311377 0.01953125 0.019461077844311378
1 0.4912109375 0.6092814371257484 0.0205078125 0.017964071856287425
1 0.49169921875 0.6414670658682635 0.01953125 0.02844311377245509
1 0.3896484375 0.6077844311377245 0.013671875 0.02694610778443114
1 0.39013671875 0.6414670658682635 0.0146484375 0.02844311377245509
0 0.443359375 0.6392215568862275 0.138671875 0.03143712574850299
0 0.4462890625 0.6077844311377245 0.1435546875 0.040419161676646706
0 0.44384765625 0.5711077844311377 0.140625 0.038922155688622756
0 0.44677734375 0.5276946107784432 0.1455078125 0.04790419161676647
0 0.44482421875 0.4805389221556886 0.1552734375 0.03293413173652695