1 0.46630859375 0.4565972222222222 0.0234375 0.16145833333333334
1 0.4638671875 0.6467013888888888 0.0361328125 0.1597222222222222
0 0.36376953125 0.2170138888888889 0.0791015625 0.3923611111111111
0 0.4365234375 0.21614583333333334 0.05859375 0.3732638888888889
0 0.31201171875 0.6423611111111112 0.0849609375 0.06770833333333333
0 0.4111328125 0.7725694444444444 0.087890625 0.0954861111111111
0 0.3974609375 0.859375 0.095703125 0.10069444444444445
0 0.4130859375 0.9453125 0.0830078125 0.08506944444444445
0 0.24072265625 0.6137152777777778 0.0732421875 0.052083333333333336
0 0.1318359375 0.6102430555555556 0.115234375 0.043402777777777776
0 0.1259765625 0.7517361111111112 0.1474609375 0.1840277777777778