1 0.9013671875 0.4134114583333333 0.0283203125 0.1484375
1 0.9013671875 0.5651041666666666 0.0234375 0.14453125
1 0.3525390625 0.3248697916666667 0.0244140625 0.07552083333333333
1 0.376953125 0.3255208333333333 0.01953125 0.08463541666666667
1 0.49072265625 0.3274739583333333 0.0205078125 0.078125
1 0.69580078125 0.2610677083333333 0.017578125 0.06380208333333333
1 0.7109375 0.2591145833333333 0.013671875 0.05078125
1 0.7275390625 0.6484375 0.0302734375 0.02734375
1 0.75927734375 0.7154947916666666 0.013671875 0.055989583333333336
1 0.77294921875 0.7018229166666666 0.017578125 0.07421875
1 0.79833984375 0.6334635416666666 0.033203125 0.029947916666666668
0 0.2939453125 0.19075520833333334 0.12890625 0.3619791666666667
0 0.419921875 0.201171875 0.1103515625 0.3255208333333333
0 0.54833984375 0.220703125 0.1357421875 0.2994791666666667
0 0.66064453125 0.18489583333333334 0.083984375 0.20572916666666666
0 0.7373046875 0.20247395833333334 0.0703125 0.18098958333333334
0 0.93017578125 0.3951822916666667 0.115234375 0.17317708333333334
0 0.9365234375 0.654296875 0.1015625 0.3450520833333333
0 0.8017578125 0.6354166666666666 0.0703125 0.059895833333333336
0 0.794921875 0.7682291666666666 0.060546875 0.19140625
0 0.72607421875 0.7838541666666666 0.072265625 0.21223958333333334
0 0.72900390625 0.642578125 0.080078125 0.059895833333333336