1 0.2412109375 0.4459635416666667 0.0419921875 0.2526041666666667
1 0.2470703125 0.6868489583333334 0.0517578125 0.23177083333333334
1 0.857421875 0.7740885416666666 0.091796875 0.05078125
1 0.8447265625 0.8958333333333334 0.0947265625 0.061197916666666664
0 0.8505859375 0.7727864583333334 0.298828125 0.15364583333333334
0 0.85009765625 0.8821614583333334 0.298828125 0.15494791666666666
0 0.7939453125 0.958984375 0.2177734375 0.08203125
0 0.8603515625 0.4798177083333333 0.279296875 0.4348958333333333
0 0.86572265625 0.13541666666666666 0.2685546875 0.22135416666666666
1 0.52294921875 0.01171875 0.0302734375 0.018229166666666668
1 0.46044921875 0.020182291666666668 0.0302734375 0.028645833333333332
1 0.21923828125 0.5950520833333334 0.029296875 0.028645833333333332
1 0.2236328125 0.6796875 0.029296875 0.05078125
0 0.412109375 0.04296875 0.1416015625 0.05859375
0 0.59375 0.033854166666666664 0.2060546875 0.0625
0 0.193359375 0.58203125 0.072265625 0.08072916666666667
0 0.2041015625 0.6744791666666666 0.078125 0.08203125