1 0.27197265625 0.30859375 0.017578125 0.07161458333333333
1 0.2880859375 0.3098958333333333 0.0234375 0.06901041666666667
1 0.38330078125 0.4772135416666667 0.017578125 0.0546875
1 0.45068359375 0.451171875 0.0205078125 0.0390625
1 0.41650390625 0.3645833333333333 0.0126953125 0.0546875
1 0.42333984375 0.3665364583333333 0.0126953125 0.041666666666666664
1 0.517578125 0.4505208333333333 0.017578125 0.045572916666666664
1 0.5390625 0.4498697916666667 0.0205078125 0.041666666666666664
1 0.6708984375 0.3196614583333333 0.013671875 0.041666666666666664
1 0.69287109375 0.3151041666666667 0.015625 0.046875
1 0.47509765625 0.8151041666666666 0.013671875 0.06380208333333333
1 0.4931640625 0.7584635416666666 0.01171875 0.053385416666666664
1 0.5029296875 0.7486979166666666 0.0078125 0.055989583333333336
1 0.5771484375 0.7096354166666666 0.0166015625 0.0390625
1 0.5615234375 0.662109375 0.03515625 0.032552083333333336
1 0.4609375 0.7708333333333334 0.0205078125 0.036458333333333336
1 0.40380859375 0.86328125 0.0751953125 0.11197916666666667
1 0.59375 0.4576822916666667 0.015625 0.15364583333333334
1 0.59765625 0.61328125 0.021484375 0.15104166666666666
0 0.6376953125 0.3125 0.083984375 0.06380208333333333
0 0.72412109375 0.3111979166666667 0.0966796875 0.078125
0 0.5595703125 0.6588541666666666 0.0537109375 0.0625
0 0.55615234375 0.759765625 0.0654296875 0.14192708333333334
0 0.5595703125 0.380859375 0.0537109375 0.19140625
0 0.4990234375 0.388671875 0.052734375 0.18880208333333334
0 0.45166015625 0.3873697916666667 0.033203125 0.18880208333333334
0 0.421875 0.33203125 0.0234375 0.11979166666666667
0 0.39013671875 0.3274739583333333 0.033203125 0.14453125
0 0.35595703125 0.3860677083333333 0.048828125 0.2942708333333333
0 0.296875 0.2740885416666667 0.056640625 0.16276041666666666
0 0.2314453125 0.2701822916666667 0.080078125 0.1875
0 0.45361328125 0.7747395833333334 0.02734375 0.06380208333333333
0 0.45947265625 0.8841145833333334 0.033203125 0.15104166666666666
0 0.4833984375 0.8248697916666666 0.0185546875 0.15494791666666666
0 0.50244140625 0.7805989583333334 0.021484375 0.14713541666666666