1 0.1513671875 0.353515625 0.048828125 0.026041666666666668
1 0.1552734375 0.5279947916666666 0.0556640625 0.041666666666666664
1 0.15966796875 0.7024739583333334 0.0478515625 0.02734375
1 0.16357421875 0.8619791666666666 0.05078125 0.032552083333333336
1 0.7734375 0.3470052083333333 0.0390625 0.029947916666666668
1 0.77001953125 0.4817708333333333 0.037109375 0.029947916666666668
1 0.7685546875 0.6080729166666666 0.033203125 0.036458333333333336
1 0.76171875 0.7265625 0.033203125 0.029947916666666668
1 0.7568359375 0.845703125 0.0302734375 0.036458333333333336
0 0.166015625 0.2845052083333333 0.330078125 0.18359375
0 0.17041015625 0.4674479166666667 0.326171875 0.16796875
0 0.169921875 0.6373697916666666 0.322265625 0.16666666666666666
0 0.16259765625 0.8046875 0.3251953125 0.14583333333333334
0 0.7685546875 0.3092447916666667 0.1982421875 0.14583333333333334
0 0.7646484375 0.4381510416666667 0.1943359375 0.13151041666666666
0 0.763671875 0.5716145833333334 0.189453125 0.12369791666666667
0 0.75732421875 0.689453125 0.185546875 0.11848958333333333
0 0.75341796875 0.8092447916666666 0.1884765625 0.12369791666666667