1 0.7998046875 0.6038291605301914 0.0615234375 0.035346097201767304
1 0.7998046875 0.2025036818851252 0.0634765625 0.027982326951399118
1 0.5166015625 0.5913107511045655 0.052734375 0.030927835051546393
1 0.56884765625 0.22901325478645065 0.048828125 0.036818851251840944
1 0.3974609375 0.2503681885125184 0.0419921875 0.026509572901325478
1 0.79248046875 0.979381443298969 0.06640625 0.041237113402061855
1 0.56982421875 0.9057437407952872 0.048828125 0.041237113402061855
1 0.4033203125 0.8291605301914581 0.041015625 0.036818851251840944
1 0.3955078125 0.5427098674521355 0.0380859375 0.03829160530191458
1 0.2294921875 0.2820324005891016 0.03125 0.022091310751104567
1 0.2353515625 0.5191458026509573 0.0361328125 0.030927835051546393
1 0.23828125 0.7577319587628866 0.037109375 0.042709867452135494
1 0.24755859375 0.9837997054491899 0.03125 0.03240058910162003
1 0.15380859375 0.927098674521355 0.0341796875 0.036818851251840944
1 0.1474609375 0.7223858615611193 0.0302734375 0.033873343151693665
1 0.078125 0.6907216494845361 0.0263671875 0.036818851251840944
1 0.0869140625 0.874079528718704 0.0263671875 0.036818851251840944
1 0.0263671875 0.8350515463917526 0.025390625 0.036818851251840944
1 0.02099609375 0.666421207658321 0.0234375 0.041237113402061855
1 0.076171875 0.49779086892488955 0.025390625 0.036818851251840944
1 0.01708984375 0.48600883652430044 0.0205078125 0.033873343151693665
1 0.14111328125 0.5125184094256259 0.0380859375 0.036818851251840944
1 0.134765625 0.2960235640648012 0.025390625 0.025036818851251842
1 0.06689453125 0.3004418262150221 0.025390625 0.03240058910162003
1 0.0654296875 0.10235640648011782 0.0244140625 0.03240058910162003
1 0.01025390625 0.1332842415316642 0.0205078125 0.016200294550810016
1 0.01220703125 0.31001472754050075 0.0244140625 0.022091310751104567
0 0.23779296875 0.2665684830633284 0.08984375 0.17820324005891017
0 0.1435546875 0.2864506627393225 0.0859375 0.1634756995581738
0 0.07421875 0.10751104565537556 0.0673828125 0.11487481590574374
0 0.0234375 0.12371134020618557 0.041015625 0.15022091310751104
0 0.0244140625 0.30633284241531666 0.0439453125 0.14285714285714285
0 0.07568359375 0.30338733431516934 0.0654296875 0.13991163475699558
0 0.02783203125 0.4801178203240059 0.048828125 0.13696612665684832
0 0.07763671875 0.4786450662739323 0.060546875 0.16494845360824742
0 0.14990234375 0.4882179675994109 0.0908203125 0.16789396170839468
0 0.23876953125 0.508100147275405 0.08984375 0.19440353460972018
0 0.5390625 0.5684830633284241 0.201171875 0.28424153166421207
0 0.38818359375 0.5272459499263623 0.1044921875 0.2268041237113402
0 0.4130859375 0.24300441826215022 0.1455078125 0.20029455081001474
0 0.5791015625 0.22091310751104565 0.197265625 0.25625920471281294
0 0.81787109375 0.195139911634757 0.275390625 0.2812960235640648
0 0.82470703125 0.5795287187039765 0.267578125 0.3181148748159057
0 0.80859375 0.9013254786450663 0.2451171875 0.19734904270986744
0 0.57666015625 0.8630338733431517 0.1923828125 0.2621502209131075
0 0.41162109375 0.8019145802650958 0.125 0.23122238586156113
0 0.2412109375 0.7341678939617083 0.095703125 0.18409425625920472
0 0.1494140625 0.6973490427098674 0.07421875 0.15022091310751104
0 0.0810546875 0.6693667157584683 0.0576171875 0.13843888070692195
0 0.0302734375 0.6539027982326951 0.056640625 0.13107511045655376
0 0.0341796875 0.8328424153166422 0.046875 0.13696612665684832
0 0.091796875 0.8762886597938144 0.064453125 0.15905743740795286
0 0.1650390625 0.9226804123711341 0.078125 0.15463917525773196
0 0.25244140625 0.9374079528718704 0.087890625 0.1251840942562592
0 0.40283203125 0.044182621502209134 0.138671875 0.06332842415316642
0 0.1923828125 0.05375552282768778 0.0986328125 0.09867452135493372
0 0.12646484375 0.07216494845360824 0.0439453125 0.10603829160530191