1 0.6865234375 0.8066176470588236 0.1103515625 0.06323529411764706
1 0.6904296875 0.6213235294117647 0.142578125 0.04264705882352941
1 0.22119140625 0.8691176470588236 0.166015625 0.06470588235294118
1 0.3671875 0.7698529411764706 0.1015625 0.07647058823529412
1 0.45751953125 0.7088235294117647 0.0693359375 0.057352941176470586
1 0.2529296875 0.9632352941176471 0.103515625 0.07352941176470588
1 0.82666015625 0.6786764705882353 0.0986328125 0.057352941176470586
1 0.58203125 0.6448529411764706 0.052734375 0.03823529411764706
0 0.2216796875 0.7919117647058823 0.17578125 0.07205882352941176
0 0.22265625 0.9022058823529412 0.162109375 0.08823529411764706
0 0.26171875 0.9683823529411765 0.087890625 0.06323529411764706
0 0.369140625 0.8911764705882353 0.1103515625 0.18235294117647058
0 0.36083984375 0.725735294117647 0.1142578125 0.054411764705882354
0 0.45166015625 0.675 0.0732421875 0.058823529411764705
0 0.4599609375 0.8066176470588236 0.064453125 0.17647058823529413
0 0.58056640625 0.7205882352941176 0.060546875 0.15588235294117647
0 0.5791015625 0.6264705882352941 0.06640625 0.033823529411764704
0 0.8212890625 0.6580882352941176 0.0986328125 0.05
0 0.8271484375 0.7794117647058824 0.0927734375 0.19117647058823528
0 0.517578125 0.4022058823529412 0.0712890625 0.1426470588235294
0 0.58935546875 0.39338235294117646 0.068359375 0.13676470588235295
0 0.6591796875 0.35073529411764703 0.072265625 0.07941176470588235
0 0.72900390625 0.34411764705882353 0.076171875 0.08235294117647059
0 0.80810546875 0.35955882352941176 0.08203125 0.17794117647058824
0 0.8642578125 0.35294117647058826 0.0400390625 0.18676470588235294