0 0.25244140625 0.30078125 0.0859375 0.3759765625
0 0.3330078125 0.3515625 0.068359375 0.283203125
1 0.560546875 0.89111328125 0.01953125 0.08984375
1 0.5751953125 0.8916015625 0.017578125 0.072265625
1 0.7314453125 0.8837890625 0.01953125 0.068359375
1 0.75048828125 0.88525390625 0.0146484375 0.0654296875
1 0.91845703125 0.88330078125 0.013671875 0.0751953125
1 0.93310546875 0.88623046875 0.0146484375 0.072265625
1 0.20361328125 0.865234375 0.021484375 0.1142578125
1 0.2294921875 0.86962890625 0.02734375 0.10546875
1 0.73974609375 0.43115234375 0.015625 0.087890625
1 0.75830078125 0.42626953125 0.017578125 0.0830078125
0 0.685546875 0.31396484375 0.119140625 0.3251953125
0 0.8037109375 0.3076171875 0.1162109375 0.2958984375
0 0.5634765625 0.78564453125 0.0224609375 0.3154296875
0 0.61083984375 0.78662109375 0.078125 0.2705078125
0 0.69580078125 0.7900390625 0.08203125 0.263671875
0 0.78466796875 0.78955078125 0.08984375 0.267578125
0 0.873046875 0.7900390625 0.0849609375 0.263671875
0 0.95703125 0.7890625 0.0859375 0.2529296875
0 0.3017578125 0.783203125 0.150390625 0.275390625
0 0.1142578125 0.77685546875 0.193359375 0.3125