1 0.6243489583333334 0.59912109375 0.040364583333333336 0.0263671875
1 0.7122395833333334 0.5654296875 0.024739583333333332 0.02734375
1 0.6712239583333334 0.52099609375 0.014322916666666666 0.0361328125
1 0.685546875 0.51806640625 0.01171875 0.02734375
1 0.7740885416666666 0.6923828125 0.040364583333333336 0.037109375
1 0.8033854166666666 0.7236328125 0.010416666666666666 0.02734375
1 0.8151041666666666 0.716796875 0.018229166666666668 0.0361328125
1 0.8463541666666666 0.64501953125 0.022135416666666668 0.037109375
1 0.9290364583333334 0.6484375 0.020833333333333332 0.0302734375
1 0.9309895833333334 0.60205078125 0.015625 0.029296875
1 0.9329427083333334 0.5654296875 0.015625 0.02734375
1 0.9407552083333334 0.529296875 0.015625 0.025390625
1 0.8873697916666666 0.59375 0.016927083333333332 0.0263671875
1 0.5514322916666666 0.7421875 0.048177083333333336 0.037109375
1 0.5475260416666666 0.802734375 0.041666666666666664 0.0302734375
1 0.5494791666666666 0.87060546875 0.03125 0.044921875
1 0.546875 0.9619140625 0.046875 0.029296875
1 0.3541666666666667 0.9296875 0.022135416666666668 0.04296875
1 0.318359375 0.94775390625 0.029947916666666668 0.04296875
0 0.54296875 0.7568359375 0.10286458333333333 0.044921875
0 0.5442708333333334 0.80908203125 0.10546875 0.03515625
0 0.5475260416666666 0.86962890625 0.09635416666666667 0.052734375
0 0.541015625 0.9521484375 0.11197916666666667 0.087890625
0 0.6197916666666666 0.59814453125 0.09114583333333333 0.056640625
0 0.712890625 0.5576171875 0.06901041666666667 0.037109375
0 0.6276041666666666 0.326171875 0.10286458333333333 0.43359375
0 0.712890625 0.33544921875 0.059895833333333336 0.390625
0 0.7981770833333334 0.65673828125 0.11979166666666667 0.052734375
0 0.7571614583333334 0.8193359375 0.061197916666666664 0.197265625
0 0.8326822916666666 0.759765625 0.052083333333333336 0.1552734375
0 0.8899739583333334 0.63671875 0.033854166666666664 0.1240234375
0 0.9361979166666666 0.52490234375 0.037760416666666664 0.0302734375
0 0.9348958333333334 0.56591796875 0.033854166666666664 0.037109375
0 0.9303385416666666 0.6064453125 0.029947916666666668 0.03515625
0 0.9264322916666666 0.65283203125 0.037760416666666664 0.0498046875
0 0.4016927083333333 0.94384765625 0.12239583333333333 0.1123046875
0 0.2565104166666667 0.96826171875 0.14973958333333334 0.0634765625