1 0.24853515625 0.381021897810219 0.0361328125 0.029197080291970802
1 0.2529296875 0.4905109489051095 0.0380859375 0.033576642335766425
1 0.25146484375 0.589051094890511 0.033203125 0.03941605839416058
1 0.255859375 0.6963503649635037 0.03515625 0.04525547445255475
1 0.2587890625 0.8211678832116789 0.03125 0.035036496350364967
1 0.3681640625 0.8437956204379562 0.056640625 0.03795620437956204
1 0.3662109375 0.7 0.0625 0.05547445255474453
1 0.3662109375 0.5927007299270073 0.052734375 0.040875912408759124
1 0.3671875 0.4927007299270073 0.0546875 0.042335766423357665
1 0.36083984375 0.38248175182481753 0.0732421875 0.040875912408759124
0 0.36181640625 0.3927007299270073 0.146484375 0.07883211678832117
0 0.2529296875 0.4 0.0615234375 0.06715328467153285
0 0.25634765625 0.4948905109489051 0.064453125 0.09343065693430656
0 0.3603515625 0.5 0.142578125 0.08321167883211679
0 0.369140625 0.6014598540145986 0.12890625 0.08613138686131387
0 0.25732421875 0.6 0.064453125 0.08321167883211679
0 0.26220703125 0.7145985401459855 0.072265625 0.13722627737226278
0 0.36376953125 0.7211678832116788 0.1416015625 0.09635036496350365
0 0.3681640625 0.8386861313868613 0.1376953125 0.09781021897810219
0 0.25927734375 0.8408759124087591 0.0576171875 0.12116788321167883