1 0.306640625 0.681640625 0.017578125 0.033854166666666664
1 0.3212890625 0.6848958333333334 0.0166015625 0.0390625
0 0.28125 0.7799479166666666 0.064453125 0.20182291666666666
0 0.35009765625 0.755859375 0.0673828125 0.19401041666666666
0 0.51806640625 0.7037760416666666 0.037109375 0.15755208333333334
0 0.55859375 0.6940104166666666 0.0419921875 0.14322916666666666
0 0.60791015625 0.693359375 0.046875 0.125
0 0.6513671875 0.6783854166666666 0.044921875 0.1015625
1 0.7763671875 0.4205729166666667 0.0146484375 0.0390625
1 0.7880859375 0.4251302083333333 0.0185546875 0.041666666666666664
0 0.7412109375 0.3736979166666667 0.0732421875 0.1171875
0 0.8232421875 0.3606770833333333 0.0908203125 0.15755208333333334
1 0.3408203125 0.423828125 0.017578125 0.029947916666666668
0 0.298828125 0.341796875 0.091796875 0.18880208333333334
0 0.5068359375 0.3645833333333333 0.0546875 0.1484375
1 0.453125 0.6985677083333334 0.0673828125 0.0390625
1 0.45263671875 0.6595052083333334 0.07421875 0.02734375