1 0.7529296875 0.5622254758418741 0.01953125 0.055636896046852125
1 0.68017578125 0.6932650073206442 0.037109375 0.03074670571010249
1 0.27294921875 0.7086383601756955 0.0380859375 0.03953147877013177
1 0.279296875 0.8308931185944363 0.033203125 0.048316251830161056
1 0.2841796875 0.9597364568081991 0.0244140625 0.0527086383601757
1 0.3740234375 0.8579795021961932 0.0263671875 0.043923865300146414
1 0.37158203125 0.7481698389458272 0.029296875 0.048316251830161056
1 0.369140625 0.6530014641288433 0.025390625 0.040995607613469986
1 0.5166015625 0.47364568081991215 0.021484375 0.055636896046852125
1 0.18505859375 0.2554904831625183 0.021484375 0.08345534407027819
1 0.20361328125 0.2554904831625183 0.02734375 0.07759882869692533
1 0.48486328125 0.5761346998535871 0.0146484375 0.027818448023426062
1 0.4833984375 0.637628111273792 0.017578125 0.03367496339677892
1 0.48583984375 0.6947291361639825 0.0185546875 0.043923865300146414
1 0.4853515625 0.7547584187408491 0.01953125 0.03513909224011713
1 0.890625 0.49267935578330896 0.0361328125 0.2767203513909224
1 0.43798828125 0.6537335285505125 0.05859375 0.060029282576866766
0 0.1474609375 0.16105417276720352 0.087890625 0.31332357247437775
0 0.22412109375 0.17496339677891654 0.0673828125 0.30307467057101023
0 0.26806640625 0.7093704245973645 0.1171875 0.07320644216691069
0 0.2685546875 0.8038067349926794 0.1201171875 0.1054172767203514
0 0.2744140625 0.931185944363104 0.109375 0.10980966325036604
0 0.37060546875 0.8609077598828697 0.0771484375 0.08931185944363104
0 0.36767578125 0.7642752562225475 0.08203125 0.08784773060029283
0 0.3642578125 0.671303074670571 0.0810546875 0.0951683748169839
0 0.48095703125 0.5849194729136163 0.041015625 0.06442166910688141
0 0.48388671875 0.6405563689604685 0.0380859375 0.04685212298682284
0 0.48388671875 0.698389458272328 0.037109375 0.06734992679355783
0 0.484375 0.7547584187408491 0.046875 0.0424597364568082
0 0.5576171875 0.4136163982430454 0.1181640625 0.6910688140556369
0 0.6787109375 0.6793557833089312 0.125 0.0951683748169839
0 0.79833984375 0.6193265007320644 0.1064453125 0.22986822840409957
0 0.2841796875 0.16251830161054173 0.0576171875 0.3103953147877013
0 0.4287109375 0.1910688140556369 0.0400390625 0.2518301610541728
1 0.951171875 0.1376281112737921 0.0146484375 0.08345534407027819