1 0.09771986970684039 0.47900390625 0.03745928338762215 0.044921875
1 0.5529315960912052 0.59521484375 0.05537459283387622 0.0537109375
1 0.5553745928338762 0.7353515625 0.04071661237785016 0.0625
1 0.1270358306188925 0.59814453125 0.03257328990228013 0.0517578125
1 0.1473941368078176 0.7041015625 0.03420195439739414 0.0556640625
1 0.5488599348534202 0.87353515625 0.050488599348534204 0.05859375
1 0.17263843648208468 0.8203125 0.035830618892508145 0.0517578125
1 0.19462540716612378 0.9306640625 0.029315960912052116 0.0419921875
1 0.5415309446254072 0.98486328125 0.03908794788273615 0.0302734375
0 0.14413680781758959 0.48046875 0.26221498371335505 0.1142578125
0 0.6205211726384365 0.59912109375 0.5863192182410424 0.1962890625
0 0.43322475570032576 0.66748046875 0.755700325732899 0.1787109375
0 0.42915309446254074 0.7744140625 0.7149837133550488 0.2373046875
0 0.31758957654723124 0.87158203125 0.4739413680781759 0.154296875
0 0.2296416938110749 0.9306640625 0.255700325732899 0.10546875