1 0.439453125 0.6438053097345132 0.04296875 0.03982300884955752
1 0.52587890625 0.5693215339233039 0.0283203125 0.022123893805309734
1 0.82666015625 0.4225663716814159 0.0361328125 0.03392330383480826
1 0.7880859375 0.4174041297935103 0.03125 0.03687315634218289
1 0.1611328125 0.12315634218289086 0.044921875 0.05457227138643068
1 0.08544921875 0.09882005899705015 0.0537109375 0.05309734513274336
1 0.23974609375 0.943952802359882 0.044921875 0.03982300884955752
0 0.52490234375 0.6460176991150443 0.0263671875 0.17846607669616518
0 0.8681640625 0.25147492625368734 0.052734375 0.43952802359882004
0 0.8173828125 0.26474926253687314 0.0380859375 0.37315634218289084
0 0.79052734375 0.29867256637168144 0.0263671875 0.2743362831858407
0 0.2529296875 0.9550147492625368 0.0673828125 0.08997050147492626
0 0.16552734375 0.10103244837758112 0.0830078125 0.1430678466076696
0 0.0673828125 0.08849557522123894 0.1025390625 0.11209439528023599