1 0.19986979166666666 0.86865234375 0.016927083333333332 0.029296875
1 0.3274739583333333 0.82275390625 0.01953125 0.0322265625
1 0.3307291666666667 0.9140625 0.022135416666666668 0.025390625
1 0.6471354166666666 0.91455078125 0.022135416666666668 0.0263671875
1 0.6529947916666666 0.8212890625 0.016927083333333332 0.029296875
1 0.6529947916666666 0.76123046875 0.018229166666666668 0.02734375
1 0.3294270833333333 0.7587890625 0.020833333333333332 0.0205078125
1 0.7779947916666666 0.87158203125 0.018229166666666668 0.0263671875
0 0.498046875 0.76025390625 0.4153645833333333 0.056640625
0 0.4947916666666667 0.845703125 0.3984375 0.0830078125
0 0.4856770833333333 0.93896484375 0.3958333333333333 0.0947265625
0 0.8118489583333334 0.87060546875 0.11979166666666667 0.255859375
0 0.166015625 0.8583984375 0.13151041666666666 0.2587890625