1 0.31383737517831667 0.5439453125 0.05135520684736091 0.2294921875
1 0.514265335235378 0.75341796875 0.369472182596291 0.0595703125
1 0.536376604850214 0.27587890625 0.018544935805991442 0.0537109375
1 0.4893009985734665 0.28125 0.015691868758915834 0.0517578125
1 0.25320970042796004 0.4375 0.019971469329529243 0.046875
1 0.2603423680456491 0.501953125 0.02710413694721826 0.0654296875
1 0.8751783166904422 0.42431640625 0.024251069900142655 0.0595703125
1 0.9172610556348074 0.75830078125 0.015691868758915834 0.05859375
1 0.9443651925820257 0.82421875 0.017118402282453638 0.0625
1 0.9586305278174037 0.85009765625 0.017118402282453638 0.0634765625
1 0.890870185449358 0.708984375 0.017118402282453638 0.0537109375
0 0.2275320970042796 0.28955078125 0.10556348074179743 0.3623046875
0 0.23823109843081314 0.6845703125 0.10271041369472182 0.4169921875
0 0.41012838801711843 0.20361328125 0.20827389443651925 0.21484375
0 0.6148359486447932 0.208984375 0.21398002853067047 0.220703125
0 0.8231098430813124 0.28564453125 0.14835948644793154 0.3427734375
0 0.9750356633380884 0.91796875 0.042796005706134094 0.1416015625
0 0.9443651925820257 0.892578125 0.034236804564907276 0.21484375
0 0.912981455064194 0.8486328125 0.029957203994293864 0.2197265625
0 0.8851640513552068 0.78759765625 0.03281027104136947 0.2470703125