1 0.80322265625 0.4752604166666667 0.0263671875 0.10807291666666667
1 0.85595703125 0.4720052083333333 0.029296875 0.11979166666666667
1 0.931640625 0.6608072916666666 0.0244140625 0.14453125
1 0.8623046875 0.634765625 0.0185546875 0.1171875
1 0.84716796875 0.62890625 0.021484375 0.10807291666666667
1 0.80224609375 0.615234375 0.017578125 0.08854166666666667
1 0.5361328125 0.615234375 0.126953125 0.014322916666666666
1 0.5361328125 0.57421875 0.126953125 0.0234375
1 0.68701171875 0.541015625 0.126953125 0.0234375
1 0.67236328125 0.5787760416666666 0.095703125 0.018229166666666668
1 0.64404296875 0.6145833333333334 0.0400390625 0.020833333333333332
1 0.53662109375 0.5403645833333334 0.125 0.016927083333333332
1 0.38671875 0.541015625 0.125 0.018229166666666668
1 0.38623046875 0.576171875 0.1259765625 0.01171875
1 0.38525390625 0.6126302083333334 0.1220703125 0.016927083333333332
1 0.0927734375 0.6484375 0.0166015625 0.13932291666666666
1 0.109375 0.642578125 0.013671875 0.13411458333333334
1 0.1865234375 0.6145833333333334 0.013671875 0.109375
1 0.1953125 0.6171875 0.009765625 0.11848958333333333
1 0.2451171875 0.55859375 0.044921875 0.02734375
1 0.244140625 0.6048177083333334 0.044921875 0.018229166666666668
1 0.2451171875 0.6497395833333334 0.0458984375 0.02734375
1 0.2451171875 0.697265625 0.0478515625 0.033854166666666664
1 0.2861328125 0.5813802083333334 0.013671875 0.07942708333333333
1 0.30078125 0.5755208333333334 0.013671875 0.07421875
1 0.88232421875 0.21744791666666666 0.0537109375 0.057291666666666664
1 0.96044921875 0.15950520833333334 0.06640625 0.053385416666666664
0 0.9677734375 0.09309895833333333 0.064453125 0.15234375
0 0.89697265625 0.14453125 0.0625 0.14453125
0 0.8388671875 0.3326822916666667 0.0517578125 0.3984375
0 0.80078125 0.3522135416666667 0.025390625 0.3763020833333333
0 0.80517578125 0.6549479166666666 0.01953125 0.20182291666666666
0 0.8388671875 0.6848958333333334 0.048828125 0.23567708333333334
0 0.896484375 0.7233072916666666 0.0615234375 0.2578125
0 0.96484375 0.732421875 0.0703125 0.32421875
0 0.0576171875 0.7141927083333334 0.060546875 0.27734375
0 0.11572265625 0.6946614583333334 0.044921875 0.24739583333333334
0 0.1640625 0.6764322916666666 0.0419921875 0.21614583333333334
0 0.2001953125 0.66015625 0.0234375 0.19921875
0 0.2373046875 0.5611979166666666 0.0546875 0.046875
0 0.2392578125 0.619140625 0.046875 0.053385416666666664
0 0.2392578125 0.666015625 0.048828125 0.04296875
0 0.23974609375 0.7141927083333334 0.056640625 0.046875
0 0.2841796875 0.6087239583333334 0.029296875 0.14322916666666666
0 0.306640625 0.6015625 0.025390625 0.15234375
0 0.38623046875 0.5462239583333334 0.150390625 0.045572916666666664
0 0.38916015625 0.5865885416666666 0.142578125 0.037760416666666664
0 0.38818359375 0.6321614583333334 0.140625 0.06380208333333333
0 0.53466796875 0.544921875 0.1474609375 0.04296875
0 0.53564453125 0.5833333333333334 0.142578125 0.044270833333333336
0 0.5361328125 0.6373697916666666 0.150390625 0.06640625
0 0.671875 0.5455729166666666 0.1328125 0.029947916666666668
0 0.63916015625 0.5807291666666666 0.0576171875 0.029947916666666668
0 0.6357421875 0.623046875 0.05859375 0.059895833333333336