1 0.8017578125 0.154296875 0.0224609375 0.044270833333333336
1 0.8408203125 0.14583333333333334 0.0185546875 0.036458333333333336
1 0.79541015625 0.6907552083333334 0.015625 0.037760416666666664
1 0.83447265625 0.6920572916666666 0.013671875 0.037760416666666664
1 0.83251953125 0.74609375 0.0166015625 0.02734375
1 0.79052734375 0.7356770833333334 0.017578125 0.032552083333333336
1 0.58203125 0.64453125 0.0419921875 0.0390625
1 0.33251953125 0.6061197916666666 0.03515625 0.032552083333333336
1 0.3974609375 0.22005208333333334 0.021484375 0.028645833333333332
1 0.509765625 0.20377604166666666 0.0244140625 0.026041666666666668
1 0.537109375 0.19596354166666666 0.025390625 0.02734375
1 0.26513671875 0.638671875 0.0166015625 0.022135416666666668
1 0.26513671875 0.689453125 0.0224609375 0.0234375
1 0.2685546875 0.7571614583333334 0.01953125 0.02734375
1 0.17333984375 0.62109375 0.015625 0.024739583333333332
1 0.21044921875 0.5852864583333334 0.017578125 0.018229166666666668
1 0.22802734375 0.5859375 0.013671875 0.02734375
1 0.2021484375 0.2526041666666667 0.0166015625 0.022135416666666668
1 0.216796875 0.25 0.01953125 0.02734375
0 0.16748046875 0.220703125 0.0791015625 0.10026041666666667
0 0.25732421875 0.20963541666666666 0.1005859375 0.10026041666666667
0 0.35546875 0.1796875 0.09375 0.12630208333333334
0 0.46923828125 0.166015625 0.1103515625 0.13411458333333334
0 0.59375 0.14127604166666666 0.1298828125 0.140625
0 0.7509765625 0.10872395833333333 0.146484375 0.15364583333333334
0 0.90380859375 0.09700520833333333 0.146484375 0.13020833333333334
0 0.7421875 0.4694010416666667 0.142578125 0.4609375
0 0.9111328125 0.4752604166666667 0.1689453125 0.4856770833333333
0 0.8984375 0.8470052083333334 0.1689453125 0.2552083333333333
0 0.7470703125 0.8313802083333334 0.12890625 0.2591145833333333
0 0.2578125 0.4459635416666667 0.0908203125 0.30859375
0 0.17236328125 0.4505208333333333 0.076171875 0.2955729166666667
0 0.18359375 0.6217447916666666 0.072265625 0.045572916666666664
0 0.1806640625 0.6712239583333334 0.0693359375 0.04296875
0 0.18408203125 0.72265625 0.0634765625 0.0625
0 0.2626953125 0.6783854166666666 0.0859375 0.06510416666666667
0 0.26416015625 0.6328125 0.087890625 0.05078125
0 0.2685546875 0.7493489583333334 0.083984375 0.07682291666666667