1 0.2747395833333333 0.6650390625 0.041666666666666664 0.033203125
1 0.5963541666666666 0.68212890625 0.041666666666666664 0.033203125
0 0.3177083333333333 0.23193359375 0.3190104166666667 0.3974609375
0 0.6907552083333334 0.26025390625 0.3424479166666667 0.365234375
0 0.5970052083333334 0.68115234375 0.2864583333333333 0.0791015625
0 0.2786458333333333 0.66162109375 0.2916666666666667 0.087890625
0 0.2805989583333333 0.8291015625 0.2630208333333333 0.2392578125
0 0.591796875 0.8505859375 0.29296875 0.232421875
0 0.78515625 0.728515625 0.055989583333333336 0.1044921875
0 0.8509114583333334 0.87060546875 0.053385416666666664 0.10546875
1 0.7845052083333334 0.73681640625 0.029947916666666668 0.0517578125
1 0.845703125 0.87841796875 0.024739583333333332 0.0595703125