1 0.5829896907216495 0.17041800643086816 0.04639175257731959 0.09003215434083602
1 0.5963917525773196 0.5538585209003215 0.041237113402061855 0.07395498392282958
1 0.12061855670103093 0.6069131832797428 0.06288659793814433 0.44212218649517687
1 0.025257731958762887 0.6334405144694534 0.04639175257731959 0.477491961414791
1 0.8087628865979382 0.5 0.04329896907216495 0.23311897106109325
1 0.8422680412371134 0.49437299035369775 0.029896907216494847 0.23633440514469453
1 0.9675257731958763 0.4855305466237942 0.03814432989690722 0.05627009646302251
1 0.9644329896907217 0.752411575562701 0.027835051546391754 0.06430868167202572
1 0.9685567010309278 0.2596463022508039 0.03711340206185567 0.04983922829581994
0 0.5597938144329897 0.1495176848874598 0.2288659793814433 0.2395498392282958
0 0.9587628865979382 0.2596463022508039 0.07938144329896907 0.1189710610932476
0 0.9567010309278351 0.4734726688102894 0.0865979381443299 0.25241157556270094
0 0.952061855670103 0.7339228295819936 0.09587628865979382 0.22347266881028938
0 0.8639175257731959 0.6205787781350482 0.07628865979381444 0.5562700964630225
0 0.7520618556701031 0.6647909967845659 0.10206185567010309 0.6286173633440515
0 0.5603092783505155 0.907556270096463 0.211340206185567 0.18488745980707397
0 0.561340206185567 0.5152733118971061 0.22577319587628866 0.4115755627009646
0 0.2582474226804124 0.6446945337620579 0.34329896907216495 0.7106109324758842
0 0.03711340206185567 0.632636655948553 0.06597938144329897 0.7347266881028939