1 0.5732421875 0.3782552083333333 0.017578125 0.1015625
1 0.59619140625 0.8053385416666666 0.017578125 0.09765625
1 0.6474609375 0.6985677083333334 0.0654296875 0.024739583333333332
1 0.51708984375 0.712890625 0.0703125 0.028645833333333332
1 0.5673828125 0.80078125 0.017578125 0.09895833333333333
1 0.21875 0.8235677083333334 0.015625 0.10026041666666667
1 0.14111328125 0.7291666666666666 0.0869140625 0.029947916666666668
1 0.3408203125 0.15625 0.0693359375 0.028645833333333332
0 0.64599609375 0.701171875 0.111328125 0.046875
0 0.64111328125 0.8606770833333334 0.111328125 0.24348958333333334
0 0.5146484375 0.8587239583333334 0.1220703125 0.24088541666666666
0 0.51416015625 0.7109375 0.130859375 0.061197916666666664
0 0.6201171875 0.2532552083333333 0.111328125 0.3658854166666667
0 0.33154296875 0.11002604166666667 0.197265625 0.13932291666666666
0 0.16064453125 0.728515625 0.1396484375 0.048177083333333336
0 0.16552734375 0.876953125 0.1298828125 0.22395833333333334