1 0.8087719298245614 0.8902777777777777 0.1763157894736842 0.11944444444444445
1 0.6021929824561404 0.7736111111111111 0.13771929824561405 0.10555555555555556
1 0.4337719298245614 0.6805555555555556 0.13333333333333333 0.08888888888888889
1 0.43464912280701756 0.5152777777777777 0.13508771929824562 0.07777777777777778
1 0.2741228070175439 0.4444444444444444 0.13157894736842105 0.07777777777777778
1 0.1530701754385965 0.3972222222222222 0.07368421052631578 0.04722222222222222
1 0.15789473684210525 0.5166666666666667 0.07017543859649122 0.058333333333333334
1 0.27456140350877195 0.5847222222222223 0.1368421052631579 0.09722222222222222
1 0.28728070175438597 0.8375 0.13859649122807016 0.13333333333333333
1 0.431140350877193 0.95 0.11403508771929824 0.1
1 0.1618421052631579 0.7291666666666666 0.07017543859649122 0.08333333333333333
0 0.18157894736842106 0.42777777777777776 0.12105263157894737 0.11944444444444445
0 0.2951754385964912 0.4722222222222222 0.1456140350877193 0.14444444444444443
0 0.45614035087719296 0.5458333333333333 0.18947368421052632 0.15833333333333333
0 0.6232456140350877 0.8402777777777778 0.17280701754385966 0.3194444444444444
0 0.8258771929824561 0.9041666666666667 0.20789473684210527 0.19166666666666668
0 0.4473684210526316 0.7625 0.1824561403508772 0.25
0 0.4412280701754386 0.9347222222222222 0.17543859649122806 0.13055555555555556
0 0.29342105263157897 0.6847222222222222 0.14649122807017545 0.28888888888888886
0 0.16885964912280702 0.6041666666666666 0.10438596491228071 0.2
0 0.17675438596491228 0.8375 0.09035087719298246 0.24166666666666667
0 0.2807017543859649 0.9041666666666667 0.13859649122807016 0.18333333333333332