1 0.57763671875 0.6783854166666666 0.0166015625 0.037760416666666664
1 0.67138671875 0.6419270833333334 0.0244140625 0.036458333333333336
1 0.7412109375 0.72265625 0.0283203125 0.04296875
1 0.77587890625 0.7330729166666666 0.021484375 0.0390625
1 0.8310546875 0.2897135416666667 0.021484375 0.037760416666666664
1 0.658203125 0.2903645833333333 0.0244140625 0.02734375
1 0.63330078125 0.29296875 0.0224609375 0.036458333333333336
1 0.388671875 0.673828125 0.021484375 0.0390625
1 0.3955078125 0.8098958333333334 0.0283203125 0.055989583333333336
0 0.3974609375 0.6666666666666666 0.123046875 0.14453125
0 0.4033203125 0.8098958333333334 0.1171875 0.14453125
0 0.52783203125 0.7721354166666666 0.1240234375 0.2994791666666667
0 0.6806640625 0.6328125 0.16015625 0.10677083333333333
0 0.68212890625 0.8307291666666666 0.154296875 0.2890625
0 0.869140625 0.8548177083333334 0.2041015625 0.2903645833333333
0 0.912109375 0.16796875 0.17578125 0.2890625
0 0.73193359375 0.16731770833333334 0.1689453125 0.2682291666666667
0 0.5791015625 0.17643229166666666 0.1357421875 0.25
0 0.46484375 0.107421875 0.0732421875 0.13151041666666666
1 0.4404296875 0.1484375 0.0205078125 0.046875
1 0.41943359375 0.15755208333333334 0.0205078125 0.028645833333333332
0 0.3974609375 0.11002604166666667 0.0634765625 0.125