1 0.5423177083333334 0.25341796875 0.020833333333333332 0.03515625
1 0.5319010416666666 0.6025390625 0.018229166666666668 0.02734375
1 0.5338541666666666 0.64013671875 0.024739583333333332 0.02734375
1 0.3815104166666667 0.271484375 0.016927083333333332 0.03515625
1 0.3776041666666667 0.57080078125 0.022135416666666668 0.02734375
1 0.3776041666666667 0.611328125 0.01953125 0.02734375
1 0.3580729166666667 0.60986328125 0.020833333333333332 0.025390625
1 0.3580729166666667 0.5771484375 0.016927083333333332 0.0234375
1 0.361328125 0.26806640625 0.01953125 0.0390625
1 0.23893229166666666 0.28466796875 0.018229166666666668 0.0302734375
1 0.24153645833333334 0.5498046875 0.01953125 0.033203125
1 0.24088541666666666 0.58349609375 0.016927083333333332 0.02734375
0 0.21158854166666666 0.21728515625 0.07161458333333333 0.1513671875
0 0.21549479166666666 0.44091796875 0.07552083333333333 0.2490234375
0 0.21614583333333334 0.6611328125 0.07552083333333333 0.1884765625
0 0.3053385416666667 0.67919921875 0.109375 0.22265625
0 0.3151041666666667 0.4423828125 0.10026041666666667 0.2763671875
0 0.3190104166666667 0.20263671875 0.10286458333333333 0.171875
0 0.4479166666666667 0.19384765625 0.14713541666666666 0.193359375
0 0.4459635416666667 0.451171875 0.14453125 0.2890625
0 0.4381510416666667 0.7216796875 0.15104166666666666 0.24609375
0 0.5989583333333334 0.763671875 0.15364583333333334 0.2587890625
0 0.6041666666666666 0.45556640625 0.14973958333333334 0.3330078125
0 0.62109375 0.15576171875 0.16276041666666666 0.2080078125