1 0.83544921875 0.5 0.0322265625 0.27232796486090777
1 0.8349609375 0.739385065885798 0.025390625 0.1815519765739385
1 0.7060546875 0.698389458272328 0.166015625 0.0951683748169839
1 0.693359375 0.8718887262079063 0.0302734375 0.02635431918008785
1 0.5595703125 0.7789165446559297 0.021484375 0.024890190336749635
1 0.4853515625 0.7335285505124451 0.017578125 0.027818448023426062
1 0.4814453125 0.5658857979502196 0.0185546875 0.02635431918008785
1 0.966796875 0.04904831625183016 0.021484375 0.032210834553440704
1 0.93408203125 0.05856515373352855 0.013671875 0.027818448023426062
1 0.02392578125 0.5058565153733529 0.0224609375 0.03367496339677892
0 0.50048828125 0.29428989751098095 0.037109375 0.20790629575402636
0 0.54052734375 0.2774524158125915 0.046875 0.22840409956076135
0 0.58056640625 0.20497803806734993 0.037109375 0.12152269399707175
0 0.626953125 0.1800878477306003 0.044921875 0.1493411420204978
0 0.69677734375 0.14494875549048317 0.078125 0.1376281112737921
0 0.7685546875 0.1171303074670571 0.0830078125 0.17423133235724744
1 0.7392578125 0.19546120058565153 0.0146484375 0.0424597364568082
1 0.7197265625 0.20351390922401172 0.0205078125 0.029282576866764276
0 0.87890625 0.050512445095168376 0.111328125 0.09370424597364568
0 0.97607421875 0.03513909224011713 0.0478515625 0.0629575402635432
0 0.7216796875 0.883601756954612 0.146484375 0.0746705710102489
0 0.59130859375 0.6837481698389458 0.0517578125 0.12152269399707175
0 0.54345703125 0.6625183016105417 0.0537109375 0.12445095168374817
0 0.56884765625 0.780380673499268 0.099609375 0.08345534407027819
0 0.48974609375 0.7313323572474377 0.0673828125 0.0629575402635432
0 0.4892578125 0.5636896046852123 0.05859375 0.043923865300146414