1 0.421875 0.6830161054172768 0.044921875 0.232796486090776
1 0.423828125 0.404099560761347 0.0380859375 0.25768667642752563
1 0.5341796875 0.7430453879941434 0.0205078125 0.03367496339677892
1 0.50732421875 0.7891654465592972 0.01953125 0.027818448023426062
1 0.7392578125 0.8133235724743777 0.310546875 0.1595900439238653
1 0.76513671875 0.19692532942898974 0.025390625 0.04685212298682284
1 0.81103515625 0.19765739385065886 0.025390625 0.040995607613469986
1 0.6279296875 0.3850658857979502 0.017578125 0.036603221083455345
1 0.22119140625 0.2540263543191801 0.025390625 0.03367496339677892
0 0.1904296875 0.18960468521229867 0.076171875 0.1595900439238653
0 0.2197265625 0.6010248901903368 0.076171875 0.5329428989751098
0 0.53369140625 0.8857979502196194 0.0625 0.22840409956076135
0 0.54150390625 0.7357247437774525 0.064453125 0.07906295754026355
0 0.59814453125 0.2144948755490483 0.0791015625 0.363103953147877
0 0.5068359375 0.1683748169838946 0.087890625 0.1581259150805271
0 0.41845703125 0.18374816983894582 0.064453125 0.13469985358711567
0 0.7177734375 0.1281112737920937 0.12109375 0.21815519765739386
0 0.87939453125 0.11859443631039532 0.185546875 0.20351390922401172