1 0.94482421875 0.314453125 0.021484375 0.08463541666666667
1 0.9462890625 0.20377604166666666 0.01953125 0.07682291666666667
1 0.93017578125 0.20703125 0.013671875 0.08333333333333333
1 0.927734375 0.318359375 0.0166015625 0.08333333333333333
1 0.01416015625 0.4654947916666667 0.0283203125 0.23828125
1 0.02685546875 0.458984375 0.041015625 0.23177083333333334
1 0.28955078125 0.314453125 0.021484375 0.07682291666666667
1 0.1923828125 0.5638020833333334 0.0458984375 0.029947916666666668
1 0.275390625 0.564453125 0.05859375 0.03515625
1 0.5341796875 0.23893229166666666 0.015625 0.07552083333333333
1 0.45751953125 0.3170572916666667 0.0146484375 0.057291666666666664
1 0.62255859375 0.23763020833333334 0.0185546875 0.07161458333333333
1 0.6376953125 0.23372395833333334 0.013671875 0.07682291666666667
1 0.7353515625 0.3170572916666667 0.01953125 0.07682291666666667
0 0.8779296875 0.4016927083333333 0.115234375 0.2421875
0 0.97021484375 0.3990885416666667 0.0595703125 0.2513020833333333
0 0.9716796875 0.146484375 0.056640625 0.21744791666666666
0 0.8828125 0.14322916666666666 0.115234375 0.2526041666666667
0 0.77685546875 0.19791666666666666 0.0869140625 0.3125
0 0.6826171875 0.16341145833333334 0.1015625 0.22135416666666666
0 0.58740234375 0.173828125 0.0908203125 0.20572916666666666
0 0.501953125 0.18684895833333334 0.072265625 0.1875
0 0.4267578125 0.2265625 0.076171875 0.23567708333333334
0 0.18408203125 0.5670572916666666 0.080078125 0.037760416666666664
0 0.3427734375 0.21809895833333334 0.076171875 0.2578125
0 0.13134765625 0.1875 0.0986328125 0.2994791666666667