1 0.7265625 0.73046875 0.0185546875 0.06640625
1 0.7646484375 0.7415364583333334 0.0244140625 0.061197916666666664
1 0.9013671875 0.6920572916666666 0.0419921875 0.026041666666666668
1 0.89892578125 0.7779947916666666 0.0537109375 0.02734375
1 0.8896484375 0.8606770833333334 0.0546875 0.028645833333333332
1 0.8876953125 0.9388020833333334 0.0380859375 0.036458333333333336
1 0.6142578125 0.7845052083333334 0.03515625 0.02734375
1 0.6142578125 0.8515625 0.0361328125 0.02734375
1 0.61572265625 0.708984375 0.041015625 0.0234375
1 0.6181640625 0.634765625 0.0361328125 0.02734375
0 0.705078125 0.79296875 0.080078125 0.2109375
0 0.78857421875 0.8157552083333334 0.0869140625 0.22135416666666666
0 0.9033203125 0.6888020833333334 0.095703125 0.07161458333333333
0 0.8994140625 0.7701822916666666 0.09765625 0.07421875
0 0.8974609375 0.8606770833333334 0.091796875 0.07682291666666667
0 0.9013671875 0.939453125 0.09375 0.0703125
0 0.6181640625 0.8483072916666666 0.0751953125 0.07161458333333333
0 0.6181640625 0.775390625 0.072265625 0.0625
0 0.6181640625 0.7115885416666666 0.068359375 0.0703125
0 0.62060546875 0.63671875 0.0634765625 0.06770833333333333
1 0.3798828125 0.5748697916666666 0.0234375 0.09114583333333333