1 0.24705882352941178 0.67138671875 0.09411764705882353 0.03515625
1 0.6036764705882353 0.66796875 0.07058823529411765 0.02734375
1 0.8529411764705882 0.5673828125 0.047058823529411764 0.029296875
1 0.5316176470588235 0.4248046875 0.06470588235294118 0.033203125
1 0.35441176470588237 0.42626953125 0.06911764705882353 0.025390625
1 0.2536764705882353 0.4287109375 0.08235294117647059 0.037109375
0 0.20588235294117646 0.3369140625 0.19705882352941176 0.2099609375
0 0.3948529411764706 0.34033203125 0.18088235294117647 0.1865234375
0 0.5669117647058823 0.3486328125 0.16911764705882354 0.1943359375
0 0.5977941176470588 0.7421875 0.20147058823529412 0.16796875
0 0.3977941176470588 0.75537109375 0.18529411764705883 0.169921875
0 0.2036764705882353 0.7568359375 0.18823529411764706 0.1943359375