1 0.57958984375 0.5305989583333334 0.0703125 0.033854166666666664
1 0.578125 0.6100260416666666 0.0595703125 0.033854166666666664
1 0.58251953125 0.681640625 0.060546875 0.036458333333333336
1 0.74853515625 0.8684895833333334 0.025390625 0.07421875
0 0.58447265625 0.548828125 0.3388671875 0.06380208333333333
0 0.58837890625 0.6217447916666666 0.337890625 0.07421875
0 0.58984375 0.693359375 0.3232421875 0.06901041666666667
0 0.587890625 0.8287760416666666 0.341796875 0.18489583333333334
1 0.91943359375 0.7005208333333334 0.123046875 0.037760416666666664
1 0.9169921875 0.89453125 0.1142578125 0.0390625
0 0.90234375 0.8880208333333334 0.1953125 0.08463541666666667
0 0.9013671875 0.736328125 0.197265625 0.16927083333333334
1 0.1708984375 0.8118489583333334 0.068359375 0.037760416666666664
1 0.0751953125 0.4108072916666667 0.1259765625 0.0390625
0 0.734375 0.046223958333333336 0.4404296875 0.06770833333333333
0 0.30859375 0.05078125 0.3955078125 0.06770833333333333