1 0.7646484375 0.3486005089058524 0.0390625 0.39185750636132316
1 0.7744140625 0.6946564885496184 0.0478515625 0.2748091603053435
1 0.60888671875 0.09669211195928754 0.025390625 0.1272264631043257
1 0.5751953125 0.10432569974554708 0.0244140625 0.11450381679389313
1 0.3525390625 0.10941475826972011 0.0263671875 0.12213740458015267
1 0.3193359375 0.11323155216284987 0.0205078125 0.1272264631043257
1 0.14697265625 0.12595419847328243 0.0205078125 0.16793893129770993
0 0.2705078125 0.11577608142493638 0.130859375 0.22391857506361323
0 0.4111328125 0.11577608142493638 0.150390625 0.22391857506361323
0 0.5419921875 0.12213740458015267 0.107421875 0.2035623409669211
0 0.64208984375 0.11959287531806616 0.1015625 0.20610687022900764
0 0.23828125 0.94529262086514 0.1279296875 0.10941475826972011
0 0.3974609375 0.9745547073791349 0.1435546875 0.05089058524173028