1 0.3291015625 0.21671671671671672 0.021484375 0.042042042042042045
1 0.56396484375 0.3028028028028028 0.0263671875 0.031031031031031032
1 0.56787109375 0.4009009009009009 0.0185546875 0.02902902902902903
1 0.9951171875 0.4064064064064064 0.009765625 0.04004004004004004
1 0.99365234375 0.561061061061061 0.0126953125 0.042042042042042045
1 0.33154296875 0.33383383383383386 0.0146484375 0.03203203203203203
1 0.33203125 0.4444444444444444 0.017578125 0.03303303303303303
1 0.24853515625 0.2972972972972973 0.0263671875 0.031031031031031032
1 0.24609375 0.2057057057057057 0.021484375 0.01901901901901902
0 0.24755859375 0.1971971971971972 0.0595703125 0.06406406406406406
0 0.25244140625 0.3303303303303303 0.0751953125 0.1831831831831832
0 0.3349609375 0.21371371371371373 0.103515625 0.1001001001001001
0 0.33837890625 0.3238238238238238 0.099609375 0.11711711711711711
0 0.34326171875 0.4444444444444444 0.091796875 0.11911911911911911
0 0.58935546875 0.2997997997997998 0.181640625 0.08008008008008008
0 0.6005859375 0.3983983983983984 0.1982421875 0.0890890890890891
0 0.90234375 0.37787787787787785 0.1953125 0.15315315315315314
0 0.89892578125 0.5335335335335335 0.2021484375 0.16716716716716717