1 0.1416015625 0.34287812041116006 0.06640625 0.3744493392070485
1 0.15478515625 0.7452276064610867 0.060546875 0.37151248164464024
1 0.255859375 0.3267254038179148 0.0302734375 0.05873715124816446
1 0.2822265625 0.8458149779735683 0.0205078125 0.0381791483113069
1 0.35546875 0.8876651982378855 0.021484375 0.033773861967694566
1 0.4814453125 0.7951541850220264 0.0205078125 0.042584434654919234
1 0.5126953125 0.7701908957415565 0.017578125 0.0381791483113069
1 0.5947265625 0.711453744493392 0.0205078125 0.03671071953010279
1 0.6220703125 0.6417033773861968 0.017578125 0.027900146842878122
1 0.70751953125 0.3465491923641703 0.05859375 0.0381791483113069
1 0.7001953125 0.5469897209985316 0.0625 0.041116005873715125
1 0.4365234375 0.171071953010279 0.0185546875 0.03671071953010279
1 0.40673828125 0.16005873715124816 0.021484375 0.04405286343612335
1 0.53076171875 0.34287812041116006 0.0146484375 0.030837004405286344
0 0.2236328125 0.18575624082232012 0.091796875 0.342143906020558
0 0.35693359375 0.1013215859030837 0.115234375 0.19236417033773862
0 0.4658203125 0.1211453744493392 0.083984375 0.19970631424375918
0 0.54833984375 0.21218795888399414 0.064453125 0.29515418502202645
1 0.7001953125 0.23494860499265785 0.0205078125 0.03671071953010279
0 0.6962890625 0.16372980910425844 0.068359375 0.15859030837004406
0 0.6181640625 0.6402349486049926 0.0576171875 0.06607929515418502
0 0.61474609375 0.7819383259911894 0.0654296875 0.21145374449339208
0 0.66552734375 0.7415565345080763 0.0263671875 0.18061674008810572
0 0.69287109375 0.7268722466960352 0.0234375 0.17033773861967694
0 0.53466796875 0.8582966226138032 0.0712890625 0.24669603524229075
0 0.44287109375 0.8869309838472834 0.0986328125 0.2261380323054332
0 0.29150390625 0.9390602055800293 0.158203125 0.12187958883994127
0 0.2763671875 0.8377386196769456 0.154296875 0.06901615271659324