1 0.6834061135371179 0.49708879184861715 0.055312954876273655 0.3522561863173217
1 0.9104803493449781 0.049490538573508006 0.06841339155749636 0.06550218340611354
1 0.4294032023289665 0.15065502183406113 0.05967976710334789 0.06550218340611354
1 0.10262008733624454 0.2183406113537118 0.046579330422125184 0.049490538573508006
1 0.2700145560407569 0.5087336244541485 0.05240174672489083 0.2852983988355167
1 0.2197962154294032 0.5036390101892285 0.040756914119359534 0.27365356622998543
0 0.12954876273653565 0.6433770014556041 0.25181950509461426 0.6171761280931587
0 0.4556040756914119 0.6564774381368268 0.38573508005822416 0.6870451237263464
0 0.8311499272197962 0.62372634643377 0.33770014556040756 0.7496360989810772
0 0.8326055312954876 0.11790393013100436 0.33478893740902477 0.21688500727802038
0 0.4643377001455604 0.16957787481804948 0.38573508005822416 0.19941775836972345
0 0.1346433770014556 0.21251819505094613 0.2692867540029112 0.1717612809315866