1 0.3424479166666667 0.34326171875 0.06770833333333333 0.0302734375
1 0.3502604166666667 0.46337890625 0.059895833333333336 0.0595703125
1 0.3606770833333333 0.58251953125 0.048177083333333336 0.0458984375
1 0.3619791666666667 0.64453125 0.044270833333333336 0.046875
1 0.3391927083333333 0.70849609375 0.09114583333333333 0.0498046875
1 0.3548177083333333 0.82763671875 0.08333333333333333 0.052734375
1 0.3626302083333333 0.9443359375 0.08333333333333333 0.0634765625
0 0.3639322916666667 0.958984375 0.3307291666666667 0.08203125
0 0.3639322916666667 0.875 0.3619791666666667 0.1474609375
0 0.3658854166666667 0.74951171875 0.3841145833333333 0.1259765625
0 0.3600260416666667 0.6630859375 0.3723958333333333 0.0732421875
0 0.447265625 0.60986328125 0.20052083333333334 0.0830078125
0 0.4427083333333333 0.50830078125 0.19661458333333334 0.119140625
0 0.4368489583333333 0.384765625 0.20572916666666666 0.1083984375