1 0.083984375 0.4661458333333333 0.0791015625 0.0234375
1 0.0849609375 0.5078125 0.078125 0.0234375
0 0.3251953125 0.158203125 0.146484375 0.17447916666666666
0 0.46044921875 0.197265625 0.1240234375 0.23046875
0 0.58447265625 0.19986979166666666 0.1142578125 0.22265625
0 0.67529296875 0.21028645833333334 0.07421875 0.21223958333333334
0 0.3251953125 0.6953125 0.158203125 0.12369791666666667
0 0.46875 0.6796875 0.123046875 0.09244791666666667
0 0.59326171875 0.66796875 0.12109375 0.09505208333333333
0 0.67431640625 0.6412760416666666 0.041015625 0.0546875
0 0.6728515625 0.69140625 0.0400390625 0.046875
0 0.31884765625 0.8092447916666666 0.140625 0.08984375