1 0.22900390625 0.5073206442166911 0.017578125 0.032210834553440704
1 0.2490234375 0.5036603221083455 0.0185546875 0.032210834553440704
1 0.36962890625 0.47291361639824303 0.017578125 0.02635431918008785
1 0.3671875 0.424597364568082 0.0205078125 0.02342606149341142
1 0.4443359375 0.4158125915080527 0.0283203125 0.02635431918008785
1 0.53564453125 0.4084919472913616 0.021484375 0.027818448023426062
1 0.7744140625 0.404099560761347 0.01953125 0.027818448023426062
1 0.83642578125 0.3945827232796486 0.021484375 0.021961932650073207
1 0.83203125 0.4663250366032211 0.013671875 0.032210834553440704
1 0.884765625 0.37774524158125916 0.029296875 0.03074670571010249
1 0.8232421875 0.1800878477306003 0.013671875 0.032210834553440704
1 0.83740234375 0.18374816983894582 0.0107421875 0.02342606149341142
1 0.93798828125 0.18448023426061494 0.017578125 0.024890190336749635
1 0.693359375 0.1281112737920937 0.017578125 0.10102489019033675
1 0.64453125 0.027818448023426062 0.021484375 0.03367496339677892
1 0.65966796875 0.0314787701317716 0.021484375 0.03513909224011713
1 0.4814453125 0.20497803806734993 0.013671875 0.02635431918008785
1 0.46875 0.19985358711566617 0.0126953125 0.03367496339677892
0 0.42431640625 0.11127379209370425 0.0908203125 0.20790629575402636
0 0.51904296875 0.11200585651537336 0.0927734375 0.19326500732064422
0 0.611328125 0.027086383601756955 0.076171875 0.04538799414348463
0 0.69140625 0.02635431918008785 0.083984375 0.043923865300146414
0 0.7822265625 0.09956076134699854 0.0927734375 0.17862371888726208
0 0.88623046875 0.09882869692532943 0.0947265625 0.18301610541727673
0 0.96826171875 0.10688140556368961 0.0634765625 0.1698389458272328
0 0.185546875 0.6207906295754027 0.115234375 0.21376281112737922
0 0.2880859375 0.5212298682284041 0.091796875 0.07027818448023426
0 0.3642578125 0.424597364568082 0.0458984375 0.0424597364568082
0 0.36962890625 0.4751098096632504 0.046875 0.03953147877013177
0 0.48486328125 0.40995607613469986 0.16015625 0.043923865300146414
0 0.8017578125 0.40263543191800877 0.111328125 0.04978038067349927
0 0.8095703125 0.4670571010248902 0.1015625 0.05417276720351391
0 0.892578125 0.45973645680819913 0.048828125 0.19472913616398244