1 0.57470703125 0.3743489583333333 0.041015625 0.018229166666666668
1 0.619140625 0.4388020833333333 0.0146484375 0.053385416666666664
1 0.72216796875 0.5768229166666666 0.0224609375 0.032552083333333336
1 0.52685546875 0.3723958333333333 0.037109375 0.01953125
1 0.48388671875 0.4290364583333333 0.0146484375 0.055989583333333336
1 0.45751953125 0.5950520833333334 0.033203125 0.020833333333333332
1 0.6533203125 0.5983072916666666 0.0439453125 0.016927083333333332
1 0.3779296875 0.3717447916666667 0.0390625 0.0234375
1 0.3330078125 0.3671875 0.0380859375 0.020833333333333332
0 0.3173828125 0.3352864583333333 0.064453125 0.08203125
0 0.38720703125 0.3333333333333333 0.0712890625 0.08333333333333333
0 0.4560546875 0.375 0.0625 0.16666666666666666
0 0.51806640625 0.3430989583333333 0.0625 0.0859375
0 0.578125 0.3430989583333333 0.060546875 0.0859375
0 0.6474609375 0.3782552083333333 0.07421875 0.1796875
0 0.65576171875 0.6041666666666666 0.0693359375 0.055989583333333336
0 0.46044921875 0.6171875 0.0537109375 0.06510416666666667