1 0.75732421875 0.4029947916666667 0.029296875 0.13020833333333334
1 0.76025390625 0.5944010416666666 0.025390625 0.12760416666666666
1 0.9072265625 0.7486979166666666 0.1455078125 0.1171875
1 0.47607421875 0.5592447916666666 0.013671875 0.037760416666666664
1 0.4541015625 0.5651041666666666 0.0166015625 0.041666666666666664
0 0.39697265625 0.6276041666666666 0.140625 0.19661458333333334
0 0.52685546875 0.62109375 0.119140625 0.18880208333333334
1 0.15478515625 0.14388020833333334 0.021484375 0.07942708333333333
1 0.21484375 0.20182291666666666 0.021484375 0.059895833333333336
1 0.24267578125 0.228515625 0.0224609375 0.0546875
0 0.234375 0.169921875 0.0263671875 0.14583333333333334
0 0.19873046875 0.1328125 0.037109375 0.16276041666666666
0 0.1611328125 0.10546875 0.05859375 0.16927083333333334
0 0.1064453125 0.08723958333333333 0.0634765625 0.15234375