1 0.4169921875 0.6507352941176471 0.064453125 0.039705882352941174
1 0.41943359375 0.7308823529411764 0.0654296875 0.041176470588235294
1 0.4228515625 0.8941176470588236 0.0595703125 0.041176470588235294
1 0.66357421875 0.9367647058823529 0.0634765625 0.03823529411764706
1 0.66455078125 0.7617647058823529 0.0634765625 0.051470588235294115
1 0.7470703125 0.6845588235294118 0.072265625 0.03823529411764706
1 0.83642578125 0.7301470588235294 0.025390625 0.10441176470588236
1 0.595703125 0.6654411764705882 0.0537109375 0.047058823529411764
1 0.96484375 0.3161764705882353 0.021484375 0.09852941176470588
1 0.849609375 0.3161764705882353 0.0166015625 0.08529411764705883
1 0.70263671875 0.3191176470588235 0.02734375 0.08823529411764706
1 0.67041015625 0.31691176470588234 0.015625 0.08088235294117647
1 0.46044921875 0.31176470588235294 0.017578125 0.08970588235294118
1 0.4306640625 0.31323529411764706 0.025390625 0.08823529411764706
1 0.2373046875 0.04411764705882353 0.021484375 0.06911764705882353
1 0.20556640625 0.04411764705882353 0.0205078125 0.061764705882352944
1 0.18212890625 0.6713235294117647 0.224609375 0.057352941176470586
0 0.39697265625 0.18161764705882352 0.083984375 0.34411764705882353
0 0.498046875 0.19044117647058822 0.1103515625 0.34705882352941175
0 0.6171875 0.19117647058823528 0.134765625 0.35441176470588237
0 0.75732421875 0.20294117647058824 0.13671875 0.33088235294117646
0 0.8955078125 0.19044117647058822 0.099609375 0.32794117647058824
0 0.9814453125 0.21544117647058825 0.037109375 0.3161764705882353
0 0.8369140625 0.8477941176470588 0.03125 0.2985294117647059
0 0.59375 0.6816176470588236 0.130859375 0.08823529411764706
0 0.7314453125 0.6963235294117647 0.1171875 0.08235294117647059
0 0.66748046875 0.8191176470588235 0.275390625 0.18382352941176472
0 0.66943359375 0.9448529411764706 0.2734375 0.11029411764705882
0 0.4248046875 0.9375 0.197265625 0.12205882352941176
0 0.4189453125 0.7926470588235294 0.205078125 0.17058823529411765
0 0.42138671875 0.6661764705882353 0.1943359375 0.09558823529411764
0 0.16552734375 0.04632352941176471 0.111328125 0.08823529411764706
0 0.28515625 0.05588235294117647 0.1220703125 0.08676470588235294