1 0.439453125 0.25634765625 0.017578125 0.0625
1 0.46240234375 0.25537109375 0.013671875 0.05859375
1 0.6376953125 0.45068359375 0.0185546875 0.0625
1 0.7177734375 0.77001953125 0.0576171875 0.037109375
1 0.7158203125 0.873046875 0.064453125 0.0400390625
1 0.9404296875 0.86962890625 0.109375 0.0498046875
1 0.26904296875 0.44921875 0.0146484375 0.056640625
1 0.03857421875 0.4658203125 0.021484375 0.0654296875
1 0.05419921875 0.45849609375 0.0224609375 0.072265625
1 0.1748046875 0.8408203125 0.0390625 0.04296875
0 0.20263671875 0.27001953125 0.150390625 0.4375
0 0.3701171875 0.16748046875 0.1591796875 0.240234375
0 0.5283203125 0.17578125 0.15234375 0.2373046875
0 0.69140625 0.27294921875 0.140625 0.431640625
0 0.7197265625 0.7685546875 0.146484375 0.0791015625
0 0.720703125 0.86962890625 0.1494140625 0.1220703125
0 0.16796875 0.8310546875 0.072265625 0.0986328125
0 0.06884765625 0.27001953125 0.064453125 0.4462890625
0 0.01611328125 0.2724609375 0.0322265625 0.4384765625
1 0.4521484375 0.74658203125 0.3203125 0.0458984375