1 0.9599609375 0.7943548387096774 0.0634765625 0.06720430107526881
1 0.95068359375 0.9065860215053764 0.0234375 0.12096774193548387
1 0.974609375 0.918010752688172 0.0322265625 0.10618279569892473
1 0.7919921875 0.6948924731182796 0.0380859375 0.04838709677419355
1 0.78857421875 0.646505376344086 0.0400390625 0.043010752688172046
1 0.69580078125 0.6176075268817204 0.017578125 0.056451612903225805
1 0.68310546875 0.6081989247311828 0.0166015625 0.05779569892473118
1 0.67578125 0.34139784946236557 0.017578125 0.05241935483870968
1 0.640625 0.34206989247311825 0.015625 0.043010752688172046
1 0.60888671875 0.5013440860215054 0.0166015625 0.04704301075268817
1 0.5400390625 0.34274193548387094 0.009765625 0.041666666666666664
1 0.5302734375 0.34206989247311825 0.013671875 0.04032258064516129
1 0.5224609375 0.4845430107526882 0.033203125 0.0228494623655914
1 0.4931640625 0.5201612903225806 0.0146484375 0.03763440860215054
1 0.4296875 0.2560483870967742 0.0078125 0.03494623655913978
1 0.42236328125 0.2553763440860215 0.009765625 0.036290322580645164
1 0.3193359375 0.3393817204301075 0.0107421875 0.03763440860215054
1 0.310546875 0.34139784946236557 0.0146484375 0.04435483870967742
1 0.17041015625 0.22916666666666666 0.009765625 0.038978494623655914
1 0.15869140625 0.22983870967741934 0.013671875 0.043010752688172046
1 0.1611328125 0.3763440860215054 0.017578125 0.14381720430107528
1 0.1416015625 0.3790322580645161 0.0224609375 0.14381720430107528
1 0.3037109375 0.4852150537634409 0.033203125 0.024193548387096774
0 0.11474609375 0.1989247311827957 0.0810546875 0.12231182795698925
0 0.19921875 0.20161290322580644 0.083984375 0.12231182795698925
0 0.2841796875 0.2614247311827957 0.0634765625 0.2110215053763441
0 0.2998046875 0.4852150537634409 0.1064453125 0.03763440860215054
0 0.5166015625 0.4831989247311828 0.0576171875 0.030913978494623656
0 0.5205078125 0.5577956989247311 0.056640625 0.11827956989247312
0 0.6064453125 0.5510752688172043 0.0234375 0.13844086021505375
0 0.66552734375 0.26411290322580644 0.0341796875 0.2163978494623656
0 0.638671875 0.26948924731182794 0.0166015625 0.1975806451612903
0 0.5634765625 0.2668010752688172 0.044921875 0.1922043010752688
0 0.51025390625 0.25873655913978494 0.052734375 0.1935483870967742
0 0.4501953125 0.21438172043010753 0.044921875 0.10483870967741936
0 0.3916015625 0.21303763440860216 0.0654296875 0.11827956989247312
0 0.3427734375 0.26276881720430106 0.044921875 0.20026881720430106
0 0.6689453125 0.6236559139784946 0.0283203125 0.17204301075268819
0 0.7001953125 0.6478494623655914 0.0302734375 0.20698924731182797
0 0.77587890625 0.7567204301075269 0.115234375 0.20295698924731181
0 0.77783203125 0.633736559139785 0.080078125 0.0739247311827957
0 0.9296875 0.7506720430107527 0.1328125 0.08198924731182795
0 0.8984375 0.8918010752688172 0.111328125 0.20026881720430106
0 0.98388671875 0.9301075268817204 0.0322265625 0.13978494623655913