1 0.98291015625 0.7685834502103787 0.0263671875 0.04067321178120617
1 0.86962890625 0.6900420757363254 0.025390625 0.0364656381486676
1 0.8203125 0.6605890603085554 0.017578125 0.03225806451612903
1 0.7607421875 0.7124824684431977 0.0224609375 0.028050490883590462
1 0.6767578125 0.6100981767180925 0.017578125 0.023842917251051893
1 0.67724609375 0.6542776998597476 0.015625 0.019635343618513323
1 0.68017578125 0.6984572230014026 0.01953125 0.033660589060308554
1 0.02392578125 0.7868162692847125 0.025390625 0.04628330995792426
1 0.1611328125 0.6935483870967742 0.0166015625 0.03506311360448808
1 0.17529296875 0.6886395511921458 0.009765625 0.03927068723702665
1 0.28271484375 0.7103786816269285 0.064453125 0.08415147265077139
1 0.943359375 0.4102384291725105 0.021484375 0.037868162692847124
0 0.974609375 0.20126227208976158 0.05078125 0.38288920056100983
0 0.9169921875 0.2335203366058906 0.068359375 0.3506311360448808
0 0.7802734375 0.32959326788218796 0.03515625 0.22580645161290322
0 0.7578125 0.3429172510518934 0.0283203125 0.21458625525946703
0 0.73974609375 0.35624123422159887 0.0263671875 0.19915848527349228
0 0.72216796875 0.36044880785413747 0.0224609375 0.19074333800841514
0 0.74365234375 0.7762973352033661 0.03125 0.16129032258064516
0 0.77685546875 0.8120617110799438 0.0322265625 0.17391304347826086
0 0.826171875 0.8134642356241234 0.0478515625 0.3211781206171108
0 0.880859375 0.844319775596073 0.0556640625 0.29453015427769985
0 0.95458984375 0.8169705469845723 0.0908203125 0.23842917251051893
0 0.68359375 0.6122019635343618 0.0263671875 0.04488078541374474
0 0.68310546875 0.6570827489481066 0.02734375 0.04207573632538569
0 0.6845703125 0.7244039270687237 0.033203125 0.08134642356241234
0 0.0380859375 0.8485273492286115 0.076171875 0.1697054698457223
0 0.1181640625 0.8485273492286115 0.087890625 0.302945301542777
0 0.2021484375 0.800140252454418 0.05859375 0.28330995792426367
0 0.3388671875 0.6241234221598878 0.017578125 0.037868162692847124
0 0.34033203125 0.6732117812061711 0.021484375 0.05750350631136045
0 0.34326171875 0.726507713884993 0.0244140625 0.033660589060308554