1 0.748046875 0.7194010416666666 0.025390625 0.053385416666666664
1 0.58984375 0.7415364583333334 0.021484375 0.041666666666666664
1 0.6396484375 0.6536458333333334 0.017578125 0.040364583333333336
1 0.60107421875 0.6373697916666666 0.017578125 0.033854166666666664
1 0.55224609375 0.60546875 0.0185546875 0.036458333333333336
1 0.5068359375 0.5755208333333334 0.0126953125 0.028645833333333332
1 0.5419921875 0.7018229166666666 0.025390625 0.037760416666666664
1 0.5419921875 0.8125 0.015625 0.036458333333333336
1 0.5888671875 0.8671875 0.0166015625 0.037760416666666664
0 0.6611328125 0.7897135416666666 0.064453125 0.3541666666666667
0 0.7548828125 0.7115885416666666 0.0791015625 0.11588541666666667
0 0.60693359375 0.626953125 0.0546875 0.07682291666666667
0 0.5556640625 0.6009114583333334 0.0556640625 0.08723958333333333
0 0.50537109375 0.5703125 0.0439453125 0.0703125
0 0.57080078125 0.7141927083333334 0.0947265625 0.10026041666666667
0 0.5673828125 0.8326822916666666 0.091796875 0.10677083333333333