1 0.85595703125 0.6490455212922174 0.033203125 0.06754772393538913
1 0.32568359375 0.7540381791483113 0.0546875 0.049926578560939794
1 0.4404296875 0.7129221732745962 0.05078125 0.032305433186490456
1 0.4033203125 0.8083700440528634 0.0205078125 0.0381791483113069
1 0.38037109375 0.8142437591776799 0.0185546875 0.033773861967694566
1 0.3583984375 0.3751835535976505 0.017578125 0.041116005873715125
1 0.34130859375 0.37738619676945667 0.015625 0.0381791483113069
0 0.2822265625 0.20851688693098386 0.1201171875 0.3891336270190896
0 0.39111328125 0.2195301027900147 0.08984375 0.38619676945668135
0 0.44091796875 0.7041116005873715 0.0947265625 0.07782672540381791
0 0.3232421875 0.7540381791483113 0.1396484375 0.07782672540381791
0 0.328125 0.8920704845814978 0.1279296875 0.17914831130690162
0 0.43701171875 0.8671071953010279 0.095703125 0.20411160058737152