1 0.52880859375 0.40234375 0.2158203125 0.11588541666666667
1 0.52392578125 0.6067708333333334 0.224609375 0.10546875
1 0.52001953125 0.7545572916666666 0.181640625 0.07942708333333333
1 0.51025390625 0.9095052083333334 0.1513671875 0.05859375
1 0.75048828125 0.568359375 0.025390625 0.25
0 0.50244140625 0.400390625 0.40625 0.17057291666666666
0 0.51025390625 0.587890625 0.3388671875 0.19921875
0 0.50927734375 0.7584635416666666 0.3330078125 0.125
0 0.51171875 0.8971354166666666 0.291015625 0.10807291666666667
0 0.74853515625 0.5325520833333334 0.0673828125 0.5598958333333334
0 0.82275390625 0.501953125 0.064453125 0.5091145833333334
0 0.8994140625 0.46484375 0.06640625 0.4622395833333333