1 0.08056640625 0.451171875 0.033203125 0.0390625
1 0.044921875 0.458984375 0.0224609375 0.040364583333333336
1 0.04345703125 0.5227864583333334 0.021484375 0.032552083333333336
1 0.09228515625 0.5286458333333334 0.017578125 0.045572916666666664
1 0.72119140625 0.458984375 0.03125 0.040364583333333336
1 0.72119140625 0.5462239583333334 0.021484375 0.045572916666666664
0 0.84765625 0.267578125 0.3046875 0.4765625
0 0.84326171875 0.7376302083333334 0.3134765625 0.4661458333333333
0 0.37646484375 0.7291666666666666 0.6142578125 0.48046875
0 0.03857421875 0.7037760416666666 0.0712890625 0.41796875
0 0.0419921875 0.2799479166666667 0.0546875 0.42578125
0 0.3779296875 0.2858072916666667 0.623046875 0.4192708333333333