1 0.802734375 0.5661764705882353 0.0166015625 0.029411764705882353
1 0.98779296875 0.3830882352941177 0.021484375 0.03676470588235294
1 0.88818359375 0.5830882352941177 0.0185546875 0.033823529411764704
1 0.9912109375 0.6323529411764706 0.017578125 0.023529411764705882
1 0.9384765625 0.6669117647058823 0.015625 0.033823529411764704
1 0.9189453125 0.6566176470588235 0.017578125 0.030882352941176472
0 0.83251953125 0.28161764705882353 0.08984375 0.23970588235294119
0 0.95263671875 0.2647058823529412 0.0947265625 0.26176470588235295
0 0.97216796875 0.6191176470588236 0.0556640625 0.04264705882352941
0 0.896484375 0.5852941176470589 0.072265625 0.054411764705882354
0 0.966796875 0.7294117647058823 0.06640625 0.17794117647058824
0 0.890625 0.6845588235294118 0.068359375 0.13823529411764707
0 0.81005859375 0.6272058823529412 0.0341796875 0.15735294117647058
0 0.28076171875 0.5404411764705882 0.0712890625 0.027941176470588237
0 0.28759765625 0.611764705882353 0.0625 0.10441176470588236
0 0.3447265625 0.524264705882353 0.0595703125 0.026470588235294117
0 0.54443359375 0.5147058823529411 0.0498046875 0.03235294117647059
0 0.60302734375 0.5227941176470589 0.0546875 0.03529411764705882
0 0.66015625 0.5338235294117647 0.0595703125 0.03529411764705882
0 0.3798828125 0.29705882352941176 0.0244140625 0.175