1 0.2841796875 0.3359375 0.0224609375 0.0390625
1 0.40087890625 0.19856770833333334 0.025390625 0.0390625
1 0.462890625 0.20247395833333334 0.033203125 0.033854166666666664
1 0.57177734375 0.26953125 0.017578125 0.029947916666666668
1 0.650390625 0.263671875 0.0166015625 0.036458333333333336
1 0.69091796875 0.255859375 0.01953125 0.033854166666666664
1 0.3017578125 0.67578125 0.01171875 0.0234375
1 0.31640625 0.7337239583333334 0.017578125 0.028645833333333332
1 0.62939453125 0.65234375 0.017578125 0.032552083333333336
1 0.66357421875 0.7376302083333334 0.021484375 0.036458333333333336
1 0.7763671875 0.8053385416666666 0.015625 0.02734375
1 0.8369140625 0.8411458333333334 0.0205078125 0.037760416666666664
0 0.26806640625 0.20963541666666666 0.0810546875 0.2994791666666667
0 0.37060546875 0.142578125 0.103515625 0.16276041666666666
0 0.48388671875 0.14908854166666666 0.10546875 0.17317708333333334
0 0.578125 0.1875 0.068359375 0.21354166666666666
0 0.6435546875 0.1796875 0.05078125 0.21744791666666666
0 0.7021484375 0.166015625 0.0625 0.21744791666666666
1 0.14794921875 0.4850260416666667 0.123046875 0.036458333333333336
0 0.14111328125 0.11393229166666667 0.1181640625 0.14713541666666666
0 0.29443359375 0.673828125 0.0810546875 0.061197916666666664
0 0.30078125 0.8229166666666666 0.076171875 0.20963541666666666
1 0.47265625 0.6184895833333334 0.21875 0.0234375
0 0.6435546875 0.6471354166666666 0.0712890625 0.08072916666666667
0 0.640625 0.7994791666666666 0.091796875 0.2265625
0 0.7451171875 0.8671875 0.099609375 0.265625
0 0.88232421875 0.9075520833333334 0.1162109375 0.18489583333333334
0 0.8359375 0.7356770833333334 0.2392578125 0.14322916666666666