1 0.1044921875 0.44921875 0.0234375 0.09244791666666667
1 0.03369140625 0.4375 0.0205078125 0.08333333333333333
1 0.3310546875 0.466796875 0.0302734375 0.08072916666666667
1 0.5986328125 0.4713541666666667 0.025390625 0.07682291666666667
1 0.708984375 0.4817708333333333 0.02734375 0.06640625
1 0.79931640625 0.4850260416666667 0.021484375 0.055989583333333336
1 0.8759765625 0.4934895833333333 0.021484375 0.0546875
1 0.94140625 0.4889322916666667 0.015625 0.049479166666666664
1 0.95654296875 0.490234375 0.01953125 0.053385416666666664
0 0.03173828125 0.4876302083333333 0.0556640625 0.94140625
0 0.19091796875 0.466796875 0.193359375 0.8828125
0 0.38427734375 0.4466145833333333 0.140625 0.8151041666666666
0 0.54296875 0.44921875 0.119140625 0.7213541666666666
0 0.6689453125 0.4563802083333333 0.1025390625 0.6315104166666666
0 0.76318359375 0.4759114583333333 0.0830078125 0.57421875
0 0.8505859375 0.4876302083333333 0.0595703125 0.5533854166666666
0 0.92041015625 0.4850260416666667 0.048828125 0.4973958333333333
0 0.9716796875 0.482421875 0.056640625 0.4544270833333333