1 0.41074130105900153 0.2529296875 0.048411497730711045 0.0556640625
1 0.516641452344932 0.25048828125 0.048411497730711045 0.0625
1 0.5204236006051437 0.41748046875 0.048411497730711045 0.0517578125
1 0.8706505295007564 0.46923828125 0.2344931921331316 0.046875
1 0.867624810892587 0.63818359375 0.264750378214826 0.0625
1 0.8683812405446294 0.78955078125 0.2556732223903177 0.0537109375
1 0.4122541603630862 0.0791015625 0.05143721633888049 0.05859375
1 0.5173978819969742 0.0849609375 0.06202723146747353 0.0615234375
1 0.4175491679273828 0.40966796875 0.048411497730711045 0.0556640625
1 0.4198184568835098 0.57080078125 0.05143721633888049 0.05859375
1 0.5211800302571861 0.57373046875 0.05446293494704992 0.0498046875
1 0.4228441754916793 0.72412109375 0.048411497730711045 0.0537109375
1 0.516641452344932 0.7255859375 0.0529500756429652 0.0537109375
0 0.4720121028744327 0.15185546875 0.43872919818456885 0.16796875
0 0.4750378214826021 0.3046875 0.4281391830559758 0.1513671875
0 0.4735249621785174 0.4658203125 0.42208774583963693 0.162109375
0 0.4735249621785174 0.623046875 0.40998487140695916 0.1484375
0 0.481089258698941 0.76806640625 0.4039334341906203 0.1552734375