1 0.48486328125 0.5462239583333334 0.1005859375 0.059895833333333336
1 0.47412109375 0.7259114583333334 0.1015625 0.057291666666666664
1 0.7705078125 0.626953125 0.05859375 0.0546875
1 0.791015625 0.34375 0.037109375 0.048177083333333336
1 0.6181640625 0.3346354166666667 0.03125 0.044270833333333336
1 0.3408203125 0.3372395833333333 0.03515625 0.044270833333333336
1 0.15869140625 0.3359375 0.0390625 0.053385416666666664
1 0.1689453125 0.6399739583333334 0.0595703125 0.061197916666666664
0 0.1552734375 0.3287760416666667 0.228515625 0.10416666666666667
0 0.47509765625 0.3424479166666667 0.390625 0.11588541666666667
0 0.787109375 0.341796875 0.21484375 0.10286458333333333
0 0.7587890625 0.6184895833333334 0.1767578125 0.3151041666666667
0 0.47314453125 0.5305989583333334 0.3896484375 0.1640625
0 0.4697265625 0.7063802083333334 0.3798828125 0.17057291666666666
0 0.16650390625 0.6126302083333334 0.2373046875 0.328125