1 0.2158203125 0.541015625 0.029296875 0.032552083333333336
1 0.5546875 0.6770833333333334 0.0107421875 0.032552083333333336
1 0.5673828125 0.6790364583333334 0.0224609375 0.033854166666666664
1 0.611328125 0.9466145833333334 0.021484375 0.037760416666666664
1 0.5029296875 0.8795572916666666 0.0234375 0.040364583333333336
1 0.8857421875 0.673828125 0.02734375 0.055989583333333336
0 0.529296875 0.6549479166666666 0.0712890625 0.3151041666666667
0 0.6142578125 0.6783854166666666 0.091796875 0.3515625
0 0.5693359375 0.8938802083333334 0.158203125 0.13411458333333334
0 0.1591796875 0.681640625 0.0244140625 0.0390625
0 0.1630859375 0.7233072916666666 0.033203125 0.044270833333333336
1 0.15380859375 0.6770833333333334 0.0078125 0.028645833333333332
1 0.15380859375 0.7233072916666666 0.015625 0.029947916666666668