1 0.7275390625 0.6328125 0.025390625 0.03515625
1 0.64306640625 0.5859375 0.029296875 0.036458333333333336
1 0.64208984375 0.6595052083333334 0.0234375 0.036458333333333336
1 0.6396484375 0.7369791666666666 0.02734375 0.037760416666666664
1 0.6396484375 0.8229166666666666 0.0244140625 0.040364583333333336
1 0.21728515625 0.5071614583333334 0.033203125 0.029947916666666668
1 0.21875 0.587890625 0.0234375 0.03515625
1 0.2216796875 0.6764322916666666 0.0234375 0.024739583333333332
1 0.35498046875 0.5032552083333334 0.0244140625 0.037760416666666664
1 0.45166015625 0.517578125 0.033203125 0.045572916666666664
0 0.22705078125 0.5859375 0.138671875 0.07552083333333333
0 0.22021484375 0.5071614583333334 0.140625 0.061197916666666664
0 0.2314453125 0.6595052083333334 0.1279296875 0.06640625
0 0.3564453125 0.5 0.0908203125 0.05859375
0 0.4560546875 0.5078125 0.1005859375 0.07421875
0 0.3564453125 0.625 0.080078125 0.16666666666666666
0 0.4482421875 0.638671875 0.0888671875 0.18880208333333334
0 0.6474609375 0.5846354166666666 0.0654296875 0.07161458333333333
0 0.64404296875 0.6608072916666666 0.0634765625 0.061197916666666664
0 0.6484375 0.7369791666666666 0.0732421875 0.06510416666666667
0 0.6494140625 0.8170572916666666 0.0615234375 0.07421875
0 0.74658203125 0.6276041666666666 0.099609375 0.08333333333333333
1 0.7236328125 0.69921875 0.0283203125 0.037760416666666664
0 0.72998046875 0.8046875 0.0947265625 0.265625
1 0.66552734375 0.24088541666666666 0.0205078125 0.0625
0 0.5947265625 0.13606770833333334 0.0478515625 0.2421875
0 0.6494140625 0.15299479166666666 0.0576171875 0.2552083333333333
0 0.71826171875 0.16861979166666666 0.064453125 0.2513020833333333
0 0.771484375 0.18489583333333334 0.0458984375 0.23828125