1 0.18310546875 0.30859375 0.01953125 0.0390625
1 0.50439453125 0.2682291666666667 0.02734375 0.0390625
1 0.4794921875 0.7265625 0.0244140625 0.041666666666666664
1 0.4580078125 0.7356770833333334 0.0234375 0.048177083333333336
1 0.3193359375 0.8307291666666666 0.0302734375 0.044270833333333336
1 0.705078125 0.615234375 0.021484375 0.0390625
1 0.6962890625 0.7259114583333334 0.021484375 0.040364583333333336
1 0.66455078125 0.2526041666666667 0.017578125 0.033854166666666664
0 0.0947265625 0.17578125 0.189453125 0.3177083333333333
0 0.2275390625 0.9440104166666666 0.2080078125 0.11197916666666667
0 0.40478515625 0.8567708333333334 0.125 0.2864583333333333
0 0.5107421875 0.8157552083333334 0.099609375 0.28515625
0 0.54833984375 0.14388020833333334 0.083984375 0.265625
0 0.6357421875 0.14192708333333334 0.0732421875 0.26953125
0 0.7001953125 0.60546875 0.060546875 0.09505208333333333
0 0.69921875 0.708984375 0.0673828125 0.1015625
0 0.7080078125 0.146484375 0.0595703125 0.23177083333333334
0 0.76220703125 0.14388020833333334 0.0400390625 0.20703125
0 0.7607421875 0.591796875 0.044921875 0.18098958333333334
0 0.81298828125 0.5748697916666666 0.052734375 0.15234375
0 0.85595703125 0.13736979166666666 0.052734375 0.21354166666666666
0 0.92431640625 0.14388020833333334 0.0595703125 0.20442708333333334
1 0.9677734375 0.4466145833333333 0.064453125 0.048177083333333336
1 0.962890625 0.595703125 0.07421875 0.041666666666666664