1 0.138671875 0.6725260416666666 0.0302734375 0.036458333333333336
1 0.28125 0.5904947916666666 0.0234375 0.049479166666666664
1 0.34814453125 0.5481770833333334 0.021484375 0.04296875
1 0.38427734375 0.625 0.013671875 0.033854166666666664
1 0.3251953125 0.658203125 0.0185546875 0.041666666666666664
1 0.3115234375 0.6725260416666666 0.013671875 0.036458333333333336
1 0.154296875 0.7819010416666666 0.0224609375 0.041666666666666664
1 0.13232421875 0.7994791666666666 0.029296875 0.040364583333333336
1 0.5439453125 0.6236979166666666 0.0224609375 0.041666666666666664
1 0.5634765625 0.625 0.01953125 0.0390625
0 0.5126953125 0.6868489583333334 0.08984375 0.22135416666666666
0 0.59814453125 0.697265625 0.0869140625 0.22005208333333334
1 0.7431640625 0.751953125 0.05078125 0.18489583333333334
0 0.142578125 0.6647135416666666 0.177734375 0.0625
0 0.1005859375 0.8782552083333334 0.095703125 0.23697916666666666
0 0.189453125 0.853515625 0.091796875 0.2682291666666667
0 0.27978515625 0.7747395833333334 0.068359375 0.2669270833333333
0 0.2705078125 0.595703125 0.0703125 0.05859375
0 0.34375 0.5598958333333334 0.060546875 0.07552083333333333
0 0.3466796875 0.716796875 0.0546875 0.21614583333333334
0 0.3896484375 0.658203125 0.0322265625 0.2838541666666667