1 0.18875 0.7224080267558528 0.2775 0.2608695652173913
1 0.64375 0.29431438127090304 0.075 0.08361204013377926
1 0.77375 0.20234113712374582 0.04 0.05016722408026756
1 0.825625 0.14381270903010032 0.03875 0.04013377926421405
1 0.64125 0.8210702341137124 0.05875 0.35785953177257523
1 0.671875 0.802675585284281 0.045 0.39464882943143814
1 0.766875 0.431438127090301 0.0475 0.0903010033444816
1 0.77375 0.6471571906354515 0.04125 0.10033444816053512
1 0.775625 0.9147157190635451 0.035 0.13043478260869565
0 0.244375 0.6036789297658863 0.42875 0.4013377926421405
0 0.606875 0.31270903010033446 0.2525 0.21070234113712374
0 0.756875 0.20903010033444816 0.0775 0.18729096989966554
0 0.82125 0.15719063545150502 0.06375 0.14046822742474915
0 0.764375 0.42474916387959866 0.06875 0.15719063545150502
0 0.761875 0.6438127090301003 0.0875 0.2408026755852843
0 0.7625 0.882943143812709 0.08 0.22742474916387959
0 0.680625 0.7290969899665551 0.10125 0.5418060200668896
0 0.550625 0.7892976588628763 0.16125 0.4214046822742475