1 0.3798828125 0.48193359375 0.0556640625 0.1416015625
1 0.30908203125 0.4931640625 0.04296875 0.1337890625
1 0.15869140625 0.34716796875 0.173828125 0.0498046875
1 0.5322265625 0.3125 0.162109375 0.0498046875
1 0.89013671875 0.28662109375 0.130859375 0.03515625
1 0.88671875 0.4521484375 0.1123046875 0.0458984375
1 0.88818359375 0.6728515625 0.1220703125 0.048828125
0 0.16943359375 0.33837890625 0.3388671875 0.1123046875
0 0.1689453125 0.6513671875 0.3212890625 0.4833984375
0 0.50732421875 0.6083984375 0.33203125 0.4169921875
0 0.5087890625 0.32373046875 0.3310546875 0.1142578125
0 0.84765625 0.2890625 0.3046875 0.1220703125
0 0.84912109375 0.451171875 0.3017578125 0.1748046875
0 0.8525390625 0.646484375 0.2919921875 0.1767578125