1 0.824390243902439 0.336 0.18170731707317073 0.114
1 0.40792682926829266 0.194 0.1353658536585366 0.07
1 0.5103658536585366 0.726 0.09146341463414634 0.322
1 0.5865853658536585 0.756 0.06829268292682927 0.35
1 0.06463414634146342 0.353 0.054878048780487805 0.214
1 0.14512195121951219 0.093 0.08780487804878048 0.07
1 0.03780487804878049 0.059 0.05731707317073171 0.044
0 0.13719512195121952 0.138 0.26951219512195124 0.218
0 0.04939024390243903 0.63 0.07560975609756097 0.74
0 0.174390243902439 0.649 0.18902439024390244 0.702
0 0.6628048780487805 0.281 0.6573170731707317 0.394
0 0.44634146341463415 0.762 0.26097560975609757 0.476
0 0.7420731707317073 0.827 0.30853658536585366 0.346