0 0.9123333333333333 0.6308018867924527 0.17143749999999994 0.480129716981132
0 0.6535624999999999 0.52625 0.3368749999999999 0.3902948113207548
0 0.6541875 0.26978773584905663 0.3788333333333334 0.09857311320754714
1 0.8754375 0.42219339622641505 0.07758333333333335 0.04626179245283021
1 0.5964166666666666 0.27752358490566037 0.06110416666666675 0.044375
0 0.3621666666666667 0.38245283018867926 0.22987499999999997 0.32252358490566035
1 0.7610416666666667 0.3934787735849057 0.057916666666666575 0.03923349056603771
0 0.027354166666666672 0.339563679245283 0.0546875 0.19357311320754714
1 0.15287499999999998 0.22588443396226415 0.03804166666666665 0.02185141509433959
0 0.07791666666666666 0.21956367924528303 0.06591666666666667 0.041332547169811336
0 0.17706249999999998 0.22549528301886793 0.13927083333333332 0.04626179245283021
1 0.3055833333333334 0.2561320754716981 0.05587499999999999 0.03766509433962264
0 0.9301458333333333 0.30544811320754717 0.1397083333333332 0.1261556603773585
0 0.15639583333333332 0.3574646226415094 0.15662500000000001 0.21035377358490565
1 0.0725625 0.22077830188679246 0.02783333333333333 0.01945754716981132
1 0.15152083333333335 0.275813679245283 0.03860416666666667 0.02699292452830187
1 0.10222916666666666 0.26520047169811317 0.04000000000000001 0.024634433962264134