0 0.7696666666666666 0.31807783018867924 0.2542499999999999 0.04702830188679245
0 0.4667291666666667 0.562063679245283 0.19156249999999997 0.3485966981132075
0 0.7772916666666667 0.46139150943396223 0.21881249999999994 0.21478773584905658
1 0.8543125 0.37932783018867927 0.03910416666666663 0.02732311320754712
1 0.7646041666666666 0.32110849056603774 0.03939583333333327 0.02357311320754718
1 0.5421666666666667 0.40994103773584906 0.02897916666666666 0.0362028301886793
0 0.6016875 0.47498820754716986 0.10097916666666672 0.2507311320754717
0 0.19791666666666666 0.2275943396226415 0.20833333333333334 0.455188679245283
0 0.052083333333333336 0.3228183962264151 0.10416666666666667 0.3596698113207547
1 0.2435 0.41200471698113206 0.0859375 0.05748820754716981
1 0.5742291666666667 0.39652122641509435 0.044270833333333336 0.02653301886792453
1 0.06902083333333334 0.46064858490566035 0.08072916666666667 0.05159198113207547