0 0.2375 0.4563679245283019 0.475 0.3278301886792453
0 0.6442083333333334 0.44770047169811317 0.30039583333333336 0.31405660377358485
0 0.9253750000000001 0.2595283018867925 0.1464166666666666 0.07465801886792453
1 0.43472916666666667 0.3237735849056604 0.052541666666666605 0.036155660377358456
1 0.5499375000000001 0.32232311320754714 0.052645833333333295 0.041568396226415096
1 0.9115416666666667 0.2647169811320755 0.04704166666666675 0.025695754716981156
1 0.946 0.3525235849056604 0.05087499999999991 0.03130896226415089
0 0.8738333333333334 0.4637146226415095 0.1306250000000001 0.3286320754716982
0 0.963375 0.5238915094339622 0.06485416666666666 0.4339740566037736
0 0.24735416666666668 0.24396226415094338 0.4858541666666667 0.0828301886792453
0 0.6685833333333334 0.2421933962264151 0.34479166666666666 0.08244103773584902