0 0.4885 0.416816037735849 0.16964583333333336 0.3043867924528302
0 0.3489375 0.21325471698113208 0.11120833333333333 0.05627358490566034
0 0.356875 0.3609316037735849 0.09052083333333331 0.22378537735849055
0 0.490375 0.22839622641509436 0.15247916666666672 0.061143867924528326
1 0.47010416666666666 0.2996108490566038 0.04631250000000004 0.03444575471698114
1 0.10177083333333334 0.26961084905660376 0.04297916666666666 0.03455188679245284
1 0.014645833333333334 0.2722995283018868 0.029291666666666667 0.0402240566037736
1 0.34872916666666665 0.21445754716981133 0.03739583333333331 0.02595518867924527
0 0.7887708333333333 0.44101415094339624 0.41081250000000014 0.41688679245283017
1 0.4814375 0.23055424528301885 0.05464583333333337 0.03292452830188681
1 0.38379166666666664 0.2799292452830189 0.03564583333333336 0.02817216981132074
0 0.20016666666666666 0.36759433962264154 0.2253125 0.2483018867924528
0 0.16960416666666667 0.20819575471698115 0.24754166666666666 0.057900943396226444
0 0.04479166666666667 0.36851415094339623 0.08958333333333333 0.2606132075471698