0 0.39286931818181814 0.64146875 0.2798863636363636 0.24995312500000005
0 0.3709090909090909 0.460375 0.27914772727272724 0.12156249999999998
0 0.6821306818181818 0.652078125 0.3064772727272727 0.27753125
0 0.9157954545454546 0.5972500000000001 0.15897727272727283 0.1580937500000001
0 0.6715056818181818 0.45151562500000003 0.31255681818181813 0.136265625
0 0.9216761363636364 0.8319218749999999 0.1462784090909091 0.32426562499999995
1 0.6817897727272727 0.48609375000000005 0.11764204545454536 0.03665625000000006
1 0.3711931818181818 0.491609375 0.10008522727272728 0.03331250000000008
0 0.9150852272727273 0.44148437500000004 0.16857954545454554 0.16182812500000004
0 0.11789772727272728 0.46967187499999996 0.23579545454545456 0.10667187499999997
1 0.09639204545454545 0.4975625 0.08159090909090909 0.029265625000000028
1 0.33355113636363637 0.735265625 0.09392045454545456 0.031203125000000043
1 0.7656818181818181 0.7711875 0.121903409090909 0.03957812500000006
1 0.10892045454545456 0.658953125 0.08122159090909092 0.028671875000000034
0 0.12073863636363637 0.60234375 0.24147727272727273 0.1515625