0 0.10491666666666667 0.4507193396226415 0.20754166666666668 0.07797169811320755
0 0.44618749999999996 0.15903301886792454 0.16739583333333327 0.3180542452830189
1 0.026625 0.34518867924528307 0.026583333333333337 0.022087264150943416
1 0.0444375 0.4352122641509434 0.02860416666666667 0.023242924528301928
1 0.39597916666666666 0.304563679245283 0.02993750000000001 0.028891509433962265
1 0.0195625 0.30621462264150945 0.02591666666666666 0.019646226415094337
0 0.2705 0.16090801886792452 0.17277083333333335 0.32181603773584905
1 0.6850833333333333 0.16034198113207548 0.12706250000000002 0.050507075471698096
0 0.09960416666666667 0.3739740566037736 0.19775000000000004 0.08792452830188673
0 0.09375 0.30778301886792453 0.1875 0.03773584905660377
0 0.29250000000000004 0.40632075471698115 0.18720833333333337 0.1590566037735849
0 0.4588541666666667 0.40140330188679246 0.15314583333333331 0.16495283018867923
1 0.22583333333333336 0.3080424528301887 0.042750000000000024 0.025412735849056584