0 0.7841477272727272 0.258046875 0.0723863636363637 0.09434374999999999
0 0.6136931818181819 0.34378125000000004 0.20272727272727276 0.11506250000000003
0 0.6254829545454546 0.21809375000000003 0.21636363636363642 0.137640625
0 0.2265625 0.18615625 0.28843749999999996 0.16695312499999998
0 0.6351420454545454 0.848265625 0.17079545454545456 0.14884375
0 0.7792613636363637 0.55425 0.07423295454545453 0.262515625
1 0.38721590909090914 0.8851875 0.10440340909090909 0.04831250000000011
0 0.23965909090909096 0.41587500000000005 0.2865909090909091 0.29359375
1 0.5821875 0.8150625 0.07017045454545451 0.04137500000000003
0 0.7818465909090908 0.360515625 0.0745170454545455 0.09384375
1 0.3905113636363637 0.833015625 0.10147727272727268 0.04540624999999991
1 0.6371022727272727 0.7494375 0.0641761363636363 0.03329687499999991
0 0.6272159090909091 0.7540625000000001 0.16730113636363633 0.06356249999999992
0 0.39335227272727274 0.834171875 0.24906250000000005 0.07895312499999996
0 0.7838068181818181 0.80165625 0.08136363636363632 0.17568750000000008
0 0.6373011363636363 0.566390625 0.18928977272727263 0.317359375
0 0.38636363636363635 0.93671875 0.26704545454545453 0.1265625
1 0.31676136363636365 0.52109375 0.10511363636363637 0.0390625
1 0.25 0.23671875 0.11363636363636363 0.0453125
1 0.6363636363636364 0.2609375 0.09659090909090909 0.034375
1 0.6377840909090909 0.37890625 0.08238636363636363 0.0296875
1 0.7869318181818182 0.28828125 0.056818181818181816 0.0234375
1 0.7855113636363636 0.38828125 0.06534090909090909 0.0296875
1 0.7798295454545454 0.66484375 0.05965909090909091 0.0328125
1 0.7855113636363636 0.74140625 0.06534090909090909 0.0296875
1 0.578125 0.72109375 0.07670454545454546 0.0359375