0 0.23260416666666667 0.3620047169811321 0.2678125 0.3553419811320754
0 0.5859166666666666 0.5225235849056604 0.4169791666666666 0.4250707547169812
0 0.8920208333333334 0.6222641509433962 0.21014583333333334 0.5374882075471697
1 0.8617291666666667 0.4024764150943396 0.07974999999999995 0.0595165094339623
0 0.6101875 0.24418632075471697 0.4638333333333333 0.09893867924528299
0 0.04716666666666667 0.35121462264150943 0.09341666666666668 0.23287735849056607
1 0.5326666666666667 0.24575471698113208 0.0676041666666667 0.04319575471698113
1 0.7230833333333333 0.37567216981132073 0.07060416666666663 0.0526650943396226
0 0.0375 0.19221698113207547 0.075 0.04245283018867924
1 0.009104166666666667 0.24652122641509436 0.017979166666666668 0.022617924528301896
1 0.008937500000000003 0.18652122641509433 0.017145833333333336 0.020518867924528277
1 0.18452083333333333 0.22765330188679248 0.07679166666666669 0.040766509433962254
0 0.9135416666666667 0.27029481132075467 0.17291666666666666 0.1323584905660377