0 0.4107386363636364 0.9455937499999999 0.2728693181818182 0.10881250000000016
0 0.1409090909090909 0.9413125000000001 0.2771306818181818 0.11246875000000003
0 0.15173295454545455 0.735375 0.29826704545454547 0.293734375
0 0.6815625 0.9463125 0.2726988636363636 0.10737500000000004
0 0.3236931818181818 0.49824999999999997 0.4398579545454547 0.16285937500000003
0 0.6738636363636363 0.74409375 0.2596306818181818 0.28429687500000006
0 0.4241761363636364 0.7415625 0.2361647727272727 0.29875000000000007
1 0.5932102272727273 0.7305937499999999 0.05076704545454547 0.08256250000000005
1 0.34463068181818185 0.7343124999999999 0.06502840909090905 0.08685937500000004
1 0.13721590909090908 0.546015625 0.053693181818181834 0.06779687499999998
1 0.5875284090909091 0.509671875 0.03372159090909092 0.0654375
1 0.5868181818181818 0.33268749999999997 0.04934659090909092 0.06196875000000004
1 0.5946306818181818 0.163515625 0.04792613636363638 0.064359375
1 0.28957386363636367 0.04359375 0.04017045454545451 0.06296874999999999
1 0.29775568181818185 0.17115625000000004 0.045142045454545414 0.06417187500000002
1 0.16812499999999997 0.31003125 0.04161931818181818 0.06042187500000003
0 0.33610795454545456 0.341296875 0.4293465909090909 0.14275000000000002
0 0.6649431818181818 0.33971874999999996 0.23400568181818182 0.14167187500000003
0 0.6741761363636364 0.499109375 0.2297443181818182 0.16662499999999997
0 0.6528693181818181 0.17015625 0.21553977272727273 0.16828125
0 0.40428977272727273 0.176828125 0.2816193181818182 0.16535937500000003
0 0.3925568181818182 0.03731249999999999 0.2745454545454545 0.074609375
0 0.6471875 0.0421875 0.22690340909090911 0.084375