0 0.40053977272727276 0.37440625 0.4353409090909091 0.14190624999999996
0 0.4365340909090909 0.23960937499999999 0.4703977272727272 0.15382812499999998
1 0.38355113636363636 0.41917187499999997 0.11568181818181822 0.04167187499999998
1 0.26539772727272726 0.79865625 0.10403409090909092 0.03439062499999999
1 0.4258806818181818 0.28396875 0.11803977272727276 0.04265625000000002
1 0.15477272727272726 0.8295937500000001 0.10133522727272727 0.03445312499999993
1 0.1753125 0.745578125 0.1052556818181818 0.027734375
1 0.7466477272727272 0.32234375000000004 0.14244318181818177 0.046250000000000034
1 0.7011931818181818 0.446765625 0.1367613636363636 0.04120312500000001
1 0.5786647727272727 0.7727968749999999 0.12607954545454544 0.03309374999999992
0 0.31125 0.6093124999999999 0.33698863636363635 0.3350468749999999
0 0.2771590909090909 0.79584375 0.35403409090909094 0.05576562499999991
0 0.2540909090909091 0.909171875 0.37178977272727276 0.181640625
0 0.6361931818181819 0.637640625 0.19855113636363633 0.3284062499999999
0 0.7264204545454546 0.41025 0.19428977272727269 0.136125
0 0.7992329545454545 0.266484375 0.2191761363636363 0.16109375