0 0.6627083333333333 0.4528891509433962 0.23916666666666658 0.35273584905660377
0 0.8896666666666667 0.5176768867924528 0.2181458333333334 0.3767216981132076
0 0.6874375 0.23838443396226416 0.2392083333333332 0.08018867924528301
0 0.3034375 0.3733254716981132 0.2486458333333333 0.2568278301886792
0 0.49929166666666663 0.21931603773584904 0.13562499999999994 0.060153301886792444
0 0.9041875 0.2740683962264151 0.18464583333333331 0.11022405660377355
1 0.6628541666666667 0.24011792452830188 0.047541666666666774 0.03343160377358493
1 0.11697916666666666 0.27696933962264153 0.043916666666666666 0.03517688679245281
0 0.08333333333333333 0.3753066037735849 0.16666666666666666 0.2653301886792453
0 0.49412500000000004 0.38579009433962264 0.11475000000000003 0.2634198113207547
1 0.49654166666666666 0.21910377358490568 0.03693750000000004 0.02492924528301885
1 0.6448541666666666 0.319622641509434 0.049687500000000044 0.03498820754716976
1 0.21687499999999998 0.27458726415094337 0.04679166666666668 0.035825471698113204
1 0.9097291666666667 0.27202830188679245 0.04475000000000004 0.02637971698113208
1 0.5347500000000001 0.29024764150943394 0.04050000000000006 0.030919811320754748
0 0.30293749999999997 0.20700471698113207 0.2642291666666666 0.062393867924528335
0 0.07916666666666666 0.20813679245283018 0.15833333333333333 0.0695754716981132