0 0.43042613636363636 0.23234375 0.0753693181818181 0.12587500000000001
0 0.2569034090909091 0.314734375 0.25073863636363636 0.16389062499999998
0 0.2696875 0.156171875 0.2426420454545454 0.201953125
1 0.2911931818181818 0.219015625 0.08835227272727271 0.04704687500000002
1 0.2809090909090909 0.37178125 0.0872443181818182 0.03576562499999998
1 0.4296306818181818 0.273921875 0.06835227272727273 0.046875
1 0.3937784090909091 0.7245 0.05744318181818189 0.03698437499999994
1 0.18636363636363634 0.94765625 0.08394886363636365 0.059687500000000074
0 0.4228977272727273 0.353875 0.07176136363636361 0.10418750000000002
1 0.24721590909090907 0.847890625 0.08394886363636367 0.05006249999999994
1 0.18639204545454546 0.830453125 0.07764204545454546 0.050843749999999945
0 0.22542613636363634 0.60521875 0.1928409090909091 0.42582812500000006
0 0.4014488636363636 0.5778125000000001 0.06499999999999999 0.333421875
0 0.23380681818181817 0.84584375 0.20142045454545457 0.0629999999999999
0 0.23664772727272726 0.93921875 0.1957386363636364 0.12156249999999993
0 0.38866477272727273 0.8603125 0.07988636363636364 0.14564062500000005
1 0.39116477272727274 0.812640625 0.06355113636363638 0.05909374999999999