0 0.28339583333333335 0.39369103773584907 0.3218958333333333 0.06247641509433964
1 0.27852083333333333 0.39187500000000003 0.04560416666666664 0.02582547169811318
1 0.3643958333333333 0.013785377358490565 0.04425000000000002 0.025495283018867925
0 0.21416666666666667 0.020860849056603775 0.3973333333333333 0.04063679245283019
1 0.6896249999999999 0.3834669811320755 0.04293750000000003 0.03221698113207553
0 0.6787083333333332 0.3813561320754717 0.46799999999999997 0.052205188679245264
0 0.6963333333333334 0.5673231132075471 0.4243124999999999 0.29766509433962257
1 0.39597916666666666 0.45437500000000003 0.048520833333333374 0.027959905660377402
0 0.3242291666666667 0.5756249999999999 0.3098958333333333 0.28744103773584906
1 0.6953125 0.45327830188679247 0.07291666666666667 0.039799528301886794
1 0.057291666666666664 0.5033962264150943 0.06770833333333333 0.033903301886792456
1 0.015625 0.5306603773584906 0.03125 0.03537735849056604
0 0.09895833333333333 0.6264740566037735 0.11458333333333333 0.3891509433962264