0 0.3269034090909091 0.905859375 0.30758522727272725 0.18828125
0 0.09275568181818182 0.904921875 0.18551136363636364 0.19006250000000016
0 0.2585795454545454 0.6929375 0.5171306818181818 0.20056250000000003
0 0.6526704545454546 0.9147968750000001 0.32468749999999996 0.17040624999999993
0 0.6448011363636363 0.7073125 0.24423295454545446 0.21274999999999994
0 0.30201704545454544 0.50578125 0.4463920454545454 0.16701562499999997
0 0.6610795454545454 0.514171875 0.23406249999999995 0.17209375
0 0.4153125 0.34168750000000003 0.2823295454545454 0.15134375000000003
0 0.6667329545454546 0.340515625 0.2091477272727273 0.15681250000000002
0 0.44264204545454544 0.199671875 0.2730965909090909 0.12903125000000001
0 0.675596590909091 0.2094375 0.1984943181818182 0.10949999999999997
1 0.6234090909090909 0.1879375 0.05431818181818183 0.050687499999999996
1 0.33681818181818185 0.205125 0.038039772727272686 0.04754687500000001
1 0.31338068181818185 0.31959375 0.042301136363636326 0.06079687500000004
1 0.6141761363636363 0.332875 0.05857954545454547 0.06548437500000004
1 0.5957102272727273 0.507515625 0.06710227272727275 0.06778124999999999
1 0.1496590909090909 0.459078125 0.05014204545454543 0.07092187499999998
1 0.03835227272727273 0.72890625 0.07670454545454546 0.0921875
1 0.576875 0.70890625 0.06923295454545456 0.09859375000000004