0 0.34418750000000004 0.2218867924528302 0.1434166666666666 0.05514150943396225
0 0.35962500000000003 0.39020047169811317 0.14695833333333339 0.27152122641509435
0 0.8955 0.6183490566037736 0.2066041666666666 0.45222877358490565
0 0.2194375 0.20948113207547167 0.10060416666666665 0.05257075471698111
0 0.63 0.45633254716981136 0.3745833333333333 0.3635731132075471
0 0.09754166666666665 0.3484905660377358 0.19166666666666668 0.22346698113207547
0 0.2311041666666667 0.3494811320754717 0.07906249999999998 0.20271226415094337
0 0.6358541666666666 0.2581132075471698 0.41512499999999997 0.10207547169811318
1 0.32129166666666664 0.28523584905660376 0.044916666666666674 0.03372641509433965
1 0.5762916666666666 0.2645872641509434 0.09029166666666673 0.0445872641509434
1 0.21847916666666667 0.21116745283018867 0.03335416666666665 0.02189858490566037
1 0.3229166666666667 0.22357311320754716 0.02518749999999995 0.029681603773584926
1 0.24570833333333333 0.2698702830188679 0.0344375 0.030212264150943403
1 0.45506250000000004 0.24181603773584906 0.0300416666666667 0.029080188679245313
0 0.9311666666666666 0.2922995283018868 0.13766666666666674 0.12505896226415092
0 0.08541666666666667 0.20386792452830188 0.17083333333333334 0.052959905660377324