0 0.7515625 0.56146875 0.4968465909090909 0.28387499999999993
1 0.13 0.6155625 0.26 0.0655312499999999
1 0.1398011363636364 0.6751875 0.2441193181818182 0.06575000000000006
1 0.7960795454545455 0.44706250000000003 0.1924715909090909 0.058203125
0 0.24883522727272728 0.415390625 0.4892329545454545 0.10398437499999998
1 0.11647727272727272 0.5328125 0.23295454545454544 0.06875
1 0.11363636363636363 0.4359375 0.22727272727272727 0.05625
1 0.8295454545454546 0.3640625 0.19886363636363635 0.046875
0 0.7613636363636364 0.378125 0.4772727272727273 0.08125
0 0.24857954545454544 0.51484375 0.4971590909090909 0.0890625
0 0.2471590909090909 0.6015625 0.4943181818181818 0.06875
0 0.24857954545454544 0.7078125 0.4971590909090909 0.13125