0 0.15602272727272729 0.556375 0.30624999999999997 0.25568749999999996
0 0.14977272727272728 0.754890625 0.2978409090909091 0.15545312500000003
1 0.5893181818181819 0.547953125 0.037272727272727284 0.07675000000000001
1 0.35741477272727273 0.5475625 0.03943181818181817 0.08534375000000001
1 0.34994318181818185 0.748953125 0.04727272727272724 0.06928125000000004
1 0.5981818181818181 0.33776562499999996 0.05502840909090911 0.07525000000000004
1 0.14610795454545455 0.122296875 0.043039772727272746 0.07257812500000002
1 0.5903693181818181 0.147703125 0.05644886363636365 0.07648437499999998
1 0.5832670454545454 0.7540312499999999 0.042244318181818195 0.08256250000000005
1 0.14823863636363635 0.374109375 0.05298295454545452 0.06775000000000002
0 0.3233238636363636 0.15532812499999998 0.4605965909090909 0.16145312499999998
0 0.6628125 0.1539375 0.22406250000000003 0.173375
0 0.6695738636363636 0.32818749999999997 0.23187500000000003 0.15300000000000002
0 0.3155113636363636 0.32937500000000003 0.45917613636363636 0.169703125
0 0.6891193181818182 0.548359375 0.25749999999999995 0.25064062499999995
0 0.6770170454545454 0.756765625 0.2808806818181818 0.14740625000000004
0 0.4163636363636364 0.755421875 0.23474431818181818 0.14287500000000009
0 0.42880681818181815 0.55559375 0.23829545454545453 0.25493749999999993