1 0.29732954545454543 0.26965625000000004 0.10556818181818181 0.04679687499999998
1 0.5838636363636364 0.920515625 0.06005681818181814 0.04014062500000008
1 0.6392613636363637 0.8438437499999999 0.06664772727272722 0.04248437500000009
0 0.7969318181818181 0.313859375 0.0676420454545453 0.09770312499999996
0 0.05630681818181818 0.44848437499999994 0.11261363636363636 0.4001249999999999
0 0.2878409090909091 0.21528125 0.3192897727272727 0.187984375
1 0.6891477272727273 0.321578125 0.06616477272727278 0.030625000000000034
1 0.7633238636363636 0.749296875 0.05278409090909102 0.03846875000000001
1 0.6728977272727273 0.44053125 0.06906250000000001 0.026265624999999914
0 0.6132954545454545 0.9453437499999999 0.1452556818181818 0.10384375000000005
1 0.33176136363636366 0.5899687499999999 0.10002840909090907 0.03679687499999993
0 0.6251704545454545 0.85453125 0.14741477272727269 0.04774999999999992
0 0.6738636363636363 0.281703125 0.1725568181818182 0.1325
0 0.06559659090909091 0.140453125 0.12875 0.20559375000000002
0 0.6563636363636364 0.405953125 0.1795454545454545 0.11265625000000004
0 0.629090909090909 0.645015625 0.15659090909090911 0.35528125
0 0.7878409090909091 0.421375 0.059261363636363674 0.11117187499999996
0 0.7665340909090909 0.619828125 0.07346590909090912 0.292390625
0 0.7587215909090909 0.887859375 0.06715909090909088 0.15932812500000004
1 0.8045454545454546 0.353203125 0.06647727272727266 0.03765625000000004
1 0.7821590909090909 0.4524375 0.07142045454545451 0.03300000000000001
1 0.5903693181818181 0.810109375 0.08485795454545456 0.049125000000000085
1 0.75375 0.819875 0.07062500000000003 0.0329218749999999
0 0.2707386363636364 0.45729687500000005 0.2696022727272727 0.3205625