0 0.1484659090909091 0.36178125 0.2937215909090909 0.22000000000000003
0 0.6675568181818181 0.8961406249999999 0.6648863636363637 0.19617187499999994
0 0.676221590909091 0.6402812499999999 0.6475568181818182 0.30242187499999995
0 0.14991477272727274 0.617140625 0.29772727272727273 0.292171875
0 0.3140909090909091 0.6204531249999999 0.11190340909090905 0.3065312499999999
0 0.12286931818181818 0.8505312500000001 0.24573863636363635 0.17864062499999997
0 0.3407102272727273 0.3586875 0.09053977272727275 0.2205
0 0.07650568181818182 0.16803125000000002 0.15298295454545457 0.16731250000000003
0 0.19971590909090908 0.15475 0.07133522727272724 0.18762500000000001
0 0.2760795454545455 0.14634375 0.08136363636363632 0.19817187499999997
0 0.3616761363636364 0.14478125 0.08775568181818177 0.21067187499999998
0 0.9300284090909091 0.15084375 0.13991477272727273 0.17981250000000001
0 0.9318181818181818 0.35165625 0.13636363636363635 0.2064375
1 0.9401988636363636 0.4118125 0.0678977272727272 0.09237500000000001
1 0.9327272727272727 0.10393749999999999 0.08196022727272734 0.085875
1 0.35883522727272726 0.12993749999999998 0.06502840909090905 0.087203125
1 0.27928977272727273 0.139109375 0.05997159090909095 0.093859375
1 0.19048295454545452 0.148484375 0.03866477272727271 0.09698437499999998
1 0.11235795454545454 0.15571875 0.052840909090909084 0.07628125
1 0.3300568181818182 0.348515625 0.05502840909090911 0.09079687500000003
1 0.24625000000000002 0.35046875 0.05784090909090913 0.08689062500000003
1 0.4170738636363636 0.537609375 0.05147727272727274 0.09396874999999998
1 0.3073295454545455 0.61496875 0.06639204545454547 0.09243749999999995
1 0.21534090909090908 0.539765625 0.07417613636363635 0.08654687499999998
1 0.17664772727272726 0.8509375 0.06068181818181818 0.09562500000000007
1 0.3844034090909091 0.866359375 0.07068181818181817 0.1040156249999999