0 0.6234166666666667 0.522747641509434 0.4183124999999999 0.10536556603773588
0 0.6233125 0.4061556603773585 0.4236250000000001 0.10713443396226417
0 0.2376458333333333 0.3220400943396226 0.2821249999999999 0.04734669811320752
1 0.600125 0.37604952830188676 0.03566666666666667 0.03155660377358489
0 0.6146666666666667 0.32461084905660376 0.4414999999999999 0.04818396226415096
1 0.603375 0.4950943396226415 0.03670833333333334 0.027393867924528324
1 0.5976666666666667 0.3250353773584906 0.059895833333333336 0.028007075471698114
1 0.2200625 0.3220872641509434 0.059895833333333336 0.028007075471698114
1 0.3385416666666667 0.3744103773584906 0.057291666666666664 0.02358490566037736
1 0.8893333333333333 0.3287146226415094 0.06510416666666667 0.03242924528301887
0 0.2552083333333333 0.4569575471698113 0.2760416666666667 0.21226415094339623