0 0.16095833333333331 0.3111674528301887 0.3218958333333333 0.05567216981132076
0 0.6397708333333333 0.545188679245283 0.5352083333333333 0.13010613207547175
0 0.6340625000000001 0.4059905660377358 0.5362083333333333 0.12479952830188684
1 0.6046666666666667 0.3084080188679245 0.04095833333333327 0.0367570754716981
1 0.60575 0.3736320754716981 0.04037499999999999 0.030695754716981098
1 0.13727083333333334 0.3165566037735849 0.04633333333333334 0.024374999999999952
0 0.6131458333333334 0.309941037735849 0.5586666666666666 0.06443396226415092
1 0.9661041666666667 0.3073702830188679 0.06372916666666674 0.046992924528301915
0 0.16797916666666665 0.47538915094339623 0.3359375 0.25795990566037735
1 0.2773541666666667 0.372936320754717 0.06510416666666667 0.0294811320754717
1 0.6145833333333334 0.5196108490566038 0.0625 0.030955188679245283