0 0.3281875 0.3815094339622641 0.3689791666666667 0.09744103773584906
0 0.33360416666666665 0.4701061320754717 0.35487500000000005 0.09261792452830184
0 0.07122916666666666 0.42056603773584905 0.14245833333333333 0.1824410377358491
1 0.3435625 0.44817216981132074 0.03270833333333331 0.0251533018867925
0 0.8434166666666666 0.16336084905660378 0.2003749999999999 0.32672169811320756
0 0.33368749999999997 0.30601415094339623 0.36575 0.044150943396226446
1 0.7604375 0.31083726415094337 0.032041666666666656 0.03220518867924525
0 0.6416666666666667 0.16273584905660377 0.2 0.32547169811320753
1 0.9541666666666667 0.3065801886792453 0.03735416666666656 0.03327830188679248
1 0.3344375 0.3029952830188679 0.030333333333333337 0.02180424528301888
1 0.33639583333333334 0.347936320754717 0.031437499999999945 0.023478773584905622
1 0.10866666666666666 0.3464622641509434 0.03018749999999999 0.024233490566037682
1 0.5660208333333333 0.3090801886792453 0.037854166666666585 0.028891509433962265
0 0.06422916666666666 0.30545990566037734 0.1284583333333333 0.03846698113207548
0 0.9623958333333333 0.16483490566037734 0.06616666666666665 0.3293396226415094
1 0.008875 0.3004952830188679 0.017458333333333333 0.02584905660377357
0 0.619625 0.42303066037735854 0.18574999999999994 0.1924646226415095
0 0.8192916666666666 0.42145047169811317 0.16835416666666655 0.1956132075471698
0 0.9552083333333333 0.42420990566037736 0.08958333333333333 0.19797169811320753