0 0.6807954545454545 0.768171875 0.4938352272727274 0.4434687499999999
0 0.6990625 0.48048437499999996 0.5329545454545456 0.15178124999999998
0 0.7115340909090909 0.316046875 0.5510227272727272 0.16299999999999998
0 0.07386363636363637 0.51953125 0.14772727272727273 0.2546875
0 0.29144886363636363 0.337171875 0.3011647727272727 0.144640625
1 0.5509375 0.9236093750000001 0.12048295454545445 0.03628125000000004
1 0.6884375000000001 0.36240625 0.1473863636363637 0.04598437500000001
0 0.07326704545454545 0.335125 0.14650568181818183 0.12365624999999998
1 0.6655397727272727 0.9792343750000001 0.12423295454545452 0.04153124999999989
1 0.68 0.514 0.14196022727272736 0.042109375000000074
1 0.30707386363636363 0.37071875 0.11633522727272724 0.04051562500000001
1 0.2471590909090909 0.984375 0.10227272727272728 0.03125
1 0.3809943181818182 0.6449374999999999 0.10687500000000001 0.04810937499999994
0 0.2948295454545455 0.538140625 0.29215909090909087 0.26128125
0 0.6867329545454545 0.9709218749999999 0.4732670454545454 0.05350000000000001
1 0.25235795454545457 0.941796875 0.10568181818181822 0.028000000000000115
0 0.24625000000000002 0.933765625 0.3419602272727273 0.05814062500000006
0 0.25426136363636365 0.98203125 0.3664772727272727 0.0359375