0 0.761903409090909 0.254671875 0.4670170454545454 0.235734375
0 0.2725284090909091 0.26709375 0.5169602272727274 0.21659375
1 0.8292897727272728 0.31457812500000004 0.20605113636363628 0.05424999999999995
0 0.41761363636363635 0.817359375 0.16687500000000002 0.08285937499999996
0 0.6049715909090909 0.837 0.18738636363636357 0.08662500000000009
1 0.25860795454545454 0.329859375 0.17718750000000003 0.05262500000000001
0 0.07187500000000001 0.80115625 0.14235795454545455 0.07126562499999993
1 0.4132954545454545 0.8268281249999999 0.04917613636363637 0.0348749999999999
1 0.2240340909090909 0.81653125 0.05073863636363632 0.03764062499999996
1 0.05625 0.8006875000000001 0.05267045454545454 0.03387500000000001
1 0.6018465909090909 0.834296875 0.05852272727272734 0.04420312499999994
0 0.857159090909091 0.8590937500000001 0.285653409090909 0.09771874999999994
0 0.2340625 0.8071249999999999 0.16872159090909092 0.07701562499999995
1 0.8176988636363636 0.848078125 0.04963068181818189 0.040687499999999946