0 0.9121874999999999 0.651578125 0.1698011363636363 0.5697343750000001
0 0.48684659090909094 0.270328125 0.7029829545454546 0.20823437499999997
0 0.48892045454545446 0.08378125 0.7304829545454545 0.167546875
1 0.48394886363636364 0.11559375000000001 0.18164772727272727 0.05515624999999998
0 0.4650284090909091 0.65253125 0.6746022727272728 0.5712812500000001
1 0.32650568181818185 0.8942656250000001 0.16795454545454547 0.05221875000000011
1 0.48295454545454547 0.32721875 0.17764204545454537 0.050843750000000035
0 0.9204545454545454 0.08203125 0.14772727272727273 0.1640625
0 0.9206818181818182 0.26565625000000004 0.15863636363636371 0.21362499999999995
1 0.9522159090909091 0.8942343749999999 0.09556818181818177 0.04624999999999986
0 0.46963068181818185 0.95615625 0.6697159090909092 0.07751562499999984
1 0.48920454545454545 0.9633749999999999 0.16184659090909098 0.0426874999999999
1 0.9698579545454545 0.114484375 0.06028409090909099 0.046921875
1 0.9592897727272728 0.328421875 0.08142045454545445 0.03539062499999997