0 0.44048295454545455 0.588859375 0.4639772727272727 0.3831875
0 0.4331534090909091 0.315546875 0.5303125000000001 0.16271874999999997
0 0.8546022727272727 0.12596875000000002 0.2907954545454546 0.20606249999999998
0 0.8037500000000001 0.6024375 0.24042613636363636 0.396265625
0 0.43275568181818186 0.13690625 0.5555113636363637 0.19814062500000001
0 0.8490909090909091 0.32415625 0.3000568181818182 0.16660937499999995
0 0.4475852272727273 0.8916875 0.42863636363636365 0.21284375000000005
1 0.4126136363636364 0.19649999999999998 0.15053977272727276 0.04531249999999998
1 0.42335227272727277 0.365734375 0.1465909090909091 0.04140625
1 0.34423295454545455 0.83115625 0.10980113636363638 0.03759374999999991
0 0.11539772727272726 0.88803125 0.23076704545454546 0.180078125
1 0.7861363636363637 0.7638906249999999 0.12031250000000006 0.03539062499999997
1 0.4472159090909091 0.798078125 0.11426136363636355 0.04420312499999994
1 0.8547443181818182 0.18645312499999997 0.15914772727272722 0.05193749999999999
1 0.059005681818181825 0.82209375 0.10772727272727273 0.03674999999999997
1 0.828125 0.36778125 0.14539772727272712 0.035640625
1 0.7778125 0.85021875 0.11471590909090908 0.03459375000000016
1 0.33056818181818176 0.751515625 0.12036931818181816 0.03046875
0 0.7772443181818182 0.901453125 0.2318181818181819 0.1969843749999999