0 0.40820833333333334 0.3714150943396226 0.31325000000000003 0.05634433962264148
1 0.5112916666666666 0.018278301886792452 0.04537500000000006 0.030082547169811326
1 0.7879375 0.43009433962264154 0.04452083333333334 0.027853773584905667
0 0.7853958333333334 0.36650943396226415 0.4280208333333334 0.05267688679245278
0 0.7853125 0.5419103773584907 0.42937500000000006 0.2745047169811321
1 0.41152083333333334 0.3742334905660378 0.041020833333333326 0.027228773584905698
1 0.5110833333333333 0.4349882075471698 0.04383333333333338 0.029174528301886802
1 0.7864166666666667 0.368313679245283 0.047875000000000036 0.028808962264150886
0 0.4440208333333333 0.5439268867924528 0.2682291666666667 0.2653301886792453
0 0.24870833333333334 0.5852004716981132 0.14322916666666666 0.30365566037735847
0 0.09114583333333333 0.6375353773584905 0.16145833333333334 0.34640330188679247
1 0.1875 0.4716981132075472 0.052083333333333336 0.03242924528301887
1 0.1419375 0.49307783018867923 0.059895833333333336 0.033903301886792456