0 0.5379545454545455 0.174671875 0.5340056818181819 0.19953125000000002
0 0.5515625 0.040359374999999996 0.5660795454545453 0.07967187500000002
0 0.2627840909090909 0.6546875 0.5255681818181818 0.14375
0 0.2621875 0.43962500000000004 0.524375 0.25517187499999994
0 0.9057102272727273 0.43521875000000004 0.18349431818181827 0.30768749999999995
0 0.6652840909090909 0.6682812499999999 0.2820170454545454 0.15445312500000002
0 0.6741477272727273 0.431328125 0.27900568181818186 0.28484375000000006
0 0.9037784090909091 0.675546875 0.1848295454545453 0.15070312500000008
1 0.5857670454545455 0.430953125 0.05505681818181817 0.09159375
1 0.8720170454545454 0.42976562500000004 0.06846590909090916 0.09046874999999996
1 0.8609943181818182 0.18325 0.06917613636363643 0.09131249999999999
1 0.32900568181818185 0.23971874999999998 0.045795454545454556 0.08020312499999997
1 0.5847159090909091 0.657359375 0.04582386363636362 0.09517187499999995
1 0.8698863636363636 0.659484375 0.05852272727272734 0.09976562500000004