0 0.23784090909090908 0.912046875 0.47349431818181825 0.17514062499999988
0 0.6021022727272727 0.9171875 0.24400568181818177 0.165625
0 0.6046022727272727 0.739203125 0.2560795454545454 0.1690468749999999
0 0.5921590909090909 0.57765625 0.19571022727272724 0.15453124999999995
0 0.5889772727272727 0.452046875 0.1680113636363636 0.102546875
0 0.5864772727272727 0.294609375 0.15593749999999995 0.06107812500000005
0 0.6102840909090909 0.19146875000000002 0.18221590909090904 0.10481250000000002
0 0.6386931818181818 0.067234375 0.21062499999999995 0.13446875
0 0.3559943181818182 0.286015625 0.2986647727272727 0.05951562500000005
0 0.39329545454545456 0.446390625 0.2240909090909091 0.09510937500000001
0 0.3648863636363636 0.5753125 0.26386363636363636 0.14984374999999997
0 0.2704261363636364 0.7454531249999999 0.44707386363636364 0.1815468749999999
1 0.5307102272727273 0.7329375 0.06213068181818183 0.07787500000000006
1 0.5367613636363636 0.562609375 0.05715909090909092 0.059171875000000006
1 0.5491761363636364 0.444421875 0.053607954545454556 0.05724999999999998
1 0.550596590909091 0.293234375 0.05076704545454547 0.054953125000000026
1 0.56125 0.199265625 0.04366477272727274 0.06709375
1 0.5722727272727273 0.056281250000000005 0.04295454545454547 0.07181249999999999
1 0.23806818181818182 0.287953125 0.05082386363636368 0.053781250000000023
1 0.2878125 0.457703125 0.03661931818181814 0.04631249999999998
1 0.27499999999999997 0.5569375 0.06218750000000004 0.06659375000000001
1 0.12159090909090908 0.6891875 0.05653409090909092 0.07164062500000004
1 0.5211363636363636 0.9437031250000001 0.06002840909090908 0.08992187499999993