0 0.5675 0.35024764150943394 0.26483333333333337 0.056639150943396194
0 0.8604166666666667 0.34950471698113206 0.27368750000000003 0.059316037735849
0 0.8571458333333334 0.5170990566037735 0.2698333333333333 0.262818396226415
1 0.6837083333333334 0.019740566037735847 0.038916666666666565 0.02764150943396227
1 0.9265625 0.40976415094339624 0.04210416666666674 0.029351415094339608
1 0.3151041666666667 0.4569575471698113 0.057291666666666664 0.03242924528301887
1 0.3541666666666667 0.4385377358490566 0.046875 0.030955188679245283
1 0.6679791666666667 0.41715801886792453 0.049479166666666664 0.03242924528301887
1 0.5651041666666666 0.3559905660377358 0.052083333333333336 0.036851415094339625
1 0.9270833333333334 0.3500943396226415 0.057291666666666664 0.033903301886792456
0 0.5820416666666667 0.5129716981132075 0.2838541666666667 0.2535377358490566
0 0.3919375 0.5372995283018868 0.12760416666666666 0.2550117924528302
0 0.227875 0.6132075471698113 0.23177083333333334 0.33903301886792453