0 0.84375 0.90546875 0.3068181818181818 0.1890625
0 0.71625 0.699796875 0.5019318181818183 0.20285937499999998
1 0.7391193181818182 0.970328125 0.027869318181818106 0.059328125000000044
0 0.34457386363636366 0.904171875 0.6891477272727273 0.19164062500000015
1 0.4928977272727273 0.731 0.03230113636363638 0.07376562500000006
0 0.7089772727272727 0.511421875 0.45846590909090906 0.16935937499999998
0 0.9655397727272728 0.499328125 0.06889204545454546 0.18928124999999998
0 0.9566761363636364 0.3198125 0.08664772727272728 0.17009375000000002
0 0.7608806818181818 0.33328125000000003 0.3129261363636363 0.161890625
0 0.7548295454545454 0.1861875 0.30795454545454537 0.10910937499999998
0 0.17698863636363635 0.18775 0.05937500000000002 0.09348437499999998
0 0.07508522727272728 0.19225 0.1501420454545455 0.10637500000000003
0 0.12977272727272726 0.32039062500000004 0.05213068181818184 0.12828125000000004
0 0.04809659090909091 0.321765625 0.09616477272727275 0.15056250000000002
0 0.05801136363636364 0.47667187499999997 0.06491477272727274 0.128328125
1 0.6344318181818182 0.20982812499999998 0.03161931818181817 0.055593749999999977
1 0.9334659090909091 0.16215625 0.037926136363636426 0.055374999999999994
1 0.9771306818181817 0.49384375 0.045738636363636426 0.07168749999999999
1 0.5200568181818181 0.47353125 0.04082386363636365 0.06545312499999997
1 0.06335227272727273 0.47996875 0.059375 0.07209374999999998
1 0.12230113636363636 0.30651562499999996 0.04090909090909092 0.059640625000000023
1 0.057670454545454546 0.313734375 0.04232954545454545 0.06471875000000002
1 0.10880681818181817 0.19634374999999998 0.05369318181818183 0.061234374999999994
1 0.16988636363636364 0.179734375 0.04517045454545456 0.059281249999999994
1 0.9558238636363636 0.31646874999999997 0.04289772727272734 0.06706250000000002
1 0.6436647727272727 0.33268749999999997 0.04934659090909092 0.06196875000000004