0 0.5 0.90078125 0.5965909090909091 0.1984375
0 0.5268465909090909 0.447078125 0.7023579545454546 0.6074999999999999
0 0.5283238636363636 0.080765625 0.858125 0.161515625
0 0.923409090909091 0.447953125 0.14659090909090916 0.5981875000000001
1 0.5325568181818182 0.10734375 0.2059659090909091 0.06600000000000002
0 0.09659090909090909 0.896875 0.19318181818181818 0.20625
0 0.8984375 0.9054375 0.19596590909090914 0.18912499999999993
1 0.3491477272727273 0.70865625 0.16062500000000002 0.05473437499999996
1 0.94375 0.840671875 0.11093749999999987 0.045187500000000116
1 0.5041477272727273 0.769578125 0.1669034090909091 0.04696874999999991
1 0.3532386363636364 0.8276249999999999 0.16451704545454549 0.05814062500000006
1 0.07997159090909091 0.366375 0.15607954545454544 0.054390625000000005
1 0.95625 0.7125468749999999 0.08749999999999987 0.04471875000000001