0 0.7255416666666666 0.4586084905660377 0.06464583333333328 0.21859669811320756
0 0.8952500000000001 0.2931132075471698 0.18900000000000006 0.04574292452830188
1 0.6729166666666667 0.37847877358490567 0.02279166666666678 0.03426886792452824
1 0.904625 0.2971933962264151 0.0350833333333334 0.025707547169811336
0 0.5989583333333334 0.511497641509434 0.19270833333333334 0.2830188679245283
0 0.3919375 0.20563679245283017 0.2109375 0.4112617924528302
0 0.15104166666666666 0.22995283018867924 0.3020833333333333 0.45990566037735847
0 0.89375 0.4392688679245283 0.2125 0.23702830188679244
1 0.7148541666666667 0.36409198113207547 0.044270833333333336 0.03242924528301887
1 0.4166666666666667 0.3788325471698113 0.07291666666666667 0.04716981132075472
1 0.2682291666666667 0.4097877358490566 0.078125 0.044221698113207544
1 0.9802083333333333 0.35023584905660377 0.03958333333333333 0.03537735849056604