0 0.6502556818181818 0.336515625 0.30758522727272725 0.19399999999999995
0 0.6234090909090909 0.708109375 0.30178977272727275 0.575984375
0 0.24613636363636368 0.31496875 0.49130681818181815 0.20165625
0 0.6625568181818182 0.130328125 0.31826704545454554 0.21953125
0 0.2500568181818182 0.11164062500000002 0.5000852272727273 0.21789062499999998
0 0.21019886363636361 0.6992812500000001 0.42036931818181816 0.5811093749999999
1 0.13474431818181817 0.36974999999999997 0.1847443181818182 0.055937500000000015
1 0.14255681818181817 0.161 0.1809659090909091 0.05495312499999998
1 0.6593465909090909 0.196875 0.16508522727272723 0.05046875000000002
1 0.610625 0.935609375 0.14508522727272724 0.04428124999999987
1 0.6479829545454545 0.38978124999999997 0.1646022727272727 0.04624999999999999