1 0.5234943181818182 0.379984375 0.10840909090909098 0.05978124999999999
1 0.32931818181818184 0.11440625 0.10835227272727277 0.05921875000000001
1 0.6892045454545456 0.26025 0.114346590909091 0.05848437500000001
0 0.7640625 0.204765625 0.43153409090909084 0.146984375
0 0.5903977272727272 0.34696875 0.39812499999999995 0.165796875
0 0.3109090909090909 0.56184375 0.38886363636363636 0.27681249999999996
0 0.11732954545454545 0.7343124999999999 0.21906249999999997 0.06942187499999992
0 0.5804545454545454 0.67728125 0.3782386363636363 0.20848437499999992
0 0.3155113636363636 0.829640625 0.20346590909090911 0.08818750000000009
0 0.8661079545454545 0.48643749999999997 0.2677556818181818 0.12442187499999999
0 0.9548863636363637 0.35790625 0.09019886363636363 0.14079687500000002
0 0.36204545454545456 0.09184375 0.38886363636363636 0.163375
0 0.19744318181818182 0.28515625 0.39488636363636365 0.2359375
1 0.12514204545454544 0.371765625 0.1352556818181818 0.06306250000000002
1 0.08323863636363636 0.714984375 0.12244318181818183 0.05807812499999994
1 0.04809659090909091 0.6487499999999999 0.09616477272727275 0.06235937499999995
1 0.8002840909090909 0.505765625 0.1431818181818181 0.057624999999999996
1 0.3922159090909091 0.781203125 0.10119318181818183 0.05379687500000001
1 0.31338068181818185 0.8267187500000001 0.09977272727272729 0.047171875000000085