0 0.12465909090909091 0.535140625 0.24931818181818183 0.25598437500000004
0 0.3677556818181818 0.7484531249999999 0.24880681818181813 0.15356249999999996
0 0.2808522727272727 0.117125 0.46775568181818183 0.188578125
0 0.6290625 0.7544375 0.2531818181818182 0.1497031250000001
1 0.3096306818181818 0.5278125 0.031221590909090935 0.07496875000000003
0 0.28724431818181817 0.30240625 0.4562215909090909 0.175578125
0 0.12193181818181818 0.746328125 0.24386363636363637 0.1491250000000001
1 0.5552272727272727 0.532546875 0.026477272727272707 0.07289062499999996
1 0.28991477272727273 0.7401718749999999 0.07497159090909095 0.08295312500000004
1 0.5434943181818181 0.7530625 0.06497159090909092 0.09623437500000005
1 0.574034090909091 0.12034375 0.07491477272727275 0.08429687500000002
1 0.11056818181818183 0.08440625 0.05724431818181819 0.07806249999999999
1 0.0953125 0.34773437500000004 0.06647727272727273 0.07359375000000004
1 0.5616193181818182 0.317640625 0.050056818181818195 0.07253125000000002
0 0.6383238636363636 0.128765625 0.2375568181818182 0.18643749999999998
0 0.6372443181818181 0.311 0.24678977272727273 0.171765625
0 0.6298011363636363 0.543484375 0.25460227272727276 0.26978125
0 0.3780113636363636 0.5345 0.24326704545454544 0.27524999999999994