1 0.0955 0.3008438818565401 0.083 0.2767932489451477
1 0.093 0.5181434599156118 0.063 0.09451476793248945
1 0.0895 0.7742616033755274 0.063 0.33502109704641353
1 0.1975 0.8139240506329114 0.067 0.249789029535865
1 0.2 0.5915611814345991 0.066 0.10548523206751055
1 0.201 0.329957805907173 0.065 0.37383966244725736
1 0.617 0.18945147679324895 0.674 0.07088607594936709
1 0.9055 0.2679324894514768 0.056 0.05822784810126582
1 0.6245 0.2687763713080169 0.441 0.06835443037974684
1 0.6105 0.3341772151898734 0.671 0.07341772151898734
1 0.618 0.40970464135021095 0.448 0.06666666666666667
1 0.906 0.4118143459915612 0.076 0.059915611814345994
1 0.642 0.48143459915611814 0.406 0.07932489451476793
1 0.9075 0.4890295358649789 0.095 0.0751054852320675
1 0.9075 0.570042194092827 0.085 0.07679324894514768
1 0.904 0.6582278481012658 0.084 0.08607594936708861
1 0.9025 0.7493670886075949 0.105 0.09620253164556962
1 0.9035 0.8333333333333334 0.096 0.07763713080168777
1 0.9065 0.920253164556962 0.097 0.08776371308016878
1 0.5835 0.9172995780590717 0.464 0.06244725738396625
1 0.5945 0.8367088607594937 0.473 0.07679324894514768
1 0.5935 0.7421940928270042 0.48 0.06835443037974684
1 0.6425 0.6708860759493671 0.384 0.08016877637130802
1 0.645 0.5776371308016878 0.396 0.07257383966244725